0.000000000000000000e+00
1.089999999999999997e-01
2.179999999999999993e-01
3.270000000000000129e-01
4.359999999999999987e-01
5.450000000000000400e-01
6.540000000000000258e-01
7.630000000000000115e-01
8.719999999999999973e-01
9.809999999999999831e-01
1.090000000000000080e+00
1.199000000000000066e+00
1.308000000000000052e+00
1.417000000000000037e+00
1.526000000000000023e+00
1.635000000000000009e+00
1.743999999999999995e+00
1.852999999999999980e+00
1.961999999999999966e+00
2.071000000000000174e+00
2.180000000000000160e+00
2.289000000000000146e+00
2.398000000000000131e+00
2.507000000000000117e+00
2.616000000000000103e+00
2.725000000000000089e+00
2.834000000000000075e+00
2.943000000000000060e+00
3.052000000000000046e+00
3.161000000000000032e+00
3.270000000000000018e+00
3.379000000000000004e+00
3.487999999999999989e+00
3.596999999999999975e+00
3.705999999999999961e+00
3.814999999999999947e+00
3.923999999999999932e+00
4.033000000000000362e+00
4.142000000000000348e+00
4.251000000000000334e+00
4.360000000000000320e+00
4.469000000000000306e+00
4.578000000000000291e+00
4.687000000000000277e+00
4.796000000000000263e+00
4.905000000000000249e+00
5.014000000000000234e+00
5.123000000000000220e+00
5.232000000000000206e+00
5.341000000000000192e+00
5.450000000000000178e+00
5.559000000000000163e+00
5.668000000000000149e+00
5.777000000000000135e+00
5.886000000000000121e+00
5.995000000000000107e+00
6.104000000000000092e+00
6.213000000000000078e+00
6.322000000000000064e+00
6.431000000000000050e+00
6.540000000000000036e+00
6.649000000000000021e+00
6.758000000000000007e+00
6.866999999999999993e+00
6.975999999999999979e+00
7.084999999999999964e+00
7.193999999999999950e+00
7.302999999999999936e+00
7.411999999999999922e+00
7.520999999999999908e+00
7.629999999999999893e+00
7.738999999999999879e+00
7.847999999999999865e+00
7.956999999999999851e+00
8.066000000000000725e+00
8.175000000000000711e+00
8.284000000000000696e+00
8.393000000000000682e+00
8.502000000000000668e+00
8.611000000000000654e+00
8.720000000000000639e+00
8.829000000000000625e+00
8.938000000000000611e+00
9.047000000000000597e+00
9.156000000000000583e+00
9.265000000000000568e+00
9.374000000000000554e+00
9.483000000000000540e+00
9.592000000000000526e+00
9.701000000000000512e+00
9.810000000000000497e+00
9.919000000000000483e+00
1.002800000000000047e+01
1.013700000000000045e+01
1.024600000000000044e+01
1.035500000000000043e+01
1.046400000000000041e+01
1.057300000000000040e+01
1.068200000000000038e+01
1.079100000000000037e+01
1.090000000000000036e+01
1.100900000000000034e+01
1.111800000000000033e+01
1.122700000000000031e+01
1.133600000000000030e+01
1.144500000000000028e+01
1.155400000000000027e+01
1.166300000000000026e+01
1.177200000000000024e+01
1.188100000000000023e+01
1.199000000000000021e+01
1.209900000000000020e+01
1.220800000000000018e+01
1.231700000000000017e+01
1.242600000000000016e+01
1.253500000000000014e+01
1.264400000000000013e+01
1.275300000000000011e+01
1.286200000000000010e+01
1.297100000000000009e+01
1.308000000000000007e+01
1.318900000000000006e+01
1.329800000000000004e+01
1.340700000000000003e+01
1.351600000000000001e+01
1.362500000000000000e+01
1.373399999999999999e+01
1.384299999999999997e+01
1.395199999999999996e+01
1.406099999999999994e+01
1.416999999999999993e+01
1.427899999999999991e+01
1.438799999999999990e+01
1.449699999999999989e+01
1.460599999999999987e+01
1.471499999999999986e+01
1.482399999999999984e+01
1.493299999999999983e+01
1.504199999999999982e+01
1.515099999999999980e+01
1.525999999999999979e+01
1.536899999999999977e+01
1.547799999999999976e+01
1.558699999999999974e+01
1.569599999999999973e+01
1.580499999999999972e+01
1.591399999999999970e+01
1.602299999999999969e+01
1.613200000000000145e+01
1.624099999999999966e+01
1.635000000000000142e+01
1.645899999999999963e+01
1.656800000000000139e+01
1.667699999999999960e+01
1.678600000000000136e+01
1.689499999999999957e+01
1.700400000000000134e+01
1.711299999999999955e+01
1.722200000000000131e+01
1.733099999999999952e+01
1.744000000000000128e+01
1.754899999999999949e+01
1.765800000000000125e+01
1.776699999999999946e+01
1.787600000000000122e+01
1.798499999999999943e+01
1.809400000000000119e+01
1.820299999999999940e+01
1.831200000000000117e+01
1.842099999999999937e+01
1.853000000000000114e+01
1.863899999999999935e+01
1.874800000000000111e+01
1.885699999999999932e+01
1.896600000000000108e+01
1.907499999999999929e+01
1.918400000000000105e+01
1.929299999999999926e+01
1.940200000000000102e+01
1.951099999999999923e+01
1.962000000000000099e+01
1.972899999999999920e+01
1.983800000000000097e+01
1.994699999999999918e+01
2.005600000000000094e+01
2.016499999999999915e+01
2.027400000000000091e+01
2.038299999999999912e+01
2.049200000000000088e+01
2.060099999999999909e+01
2.071000000000000085e+01
2.081899999999999906e+01
2.092800000000000082e+01
2.103699999999999903e+01
2.114600000000000080e+01
2.125499999999999901e+01
2.136400000000000077e+01
2.147299999999999898e+01
2.158200000000000074e+01
2.169099999999999895e+01
2.180000000000000071e+01
2.190899999999999892e+01
2.201800000000000068e+01
2.212699999999999889e+01
2.223600000000000065e+01
2.234499999999999886e+01
2.245400000000000063e+01
2.256299999999999883e+01
2.267200000000000060e+01
2.278099999999999881e+01
2.289000000000000057e+01
2.299899999999999878e+01
2.310800000000000054e+01
2.321699999999999875e+01
2.332600000000000051e+01
2.343499999999999872e+01
2.354400000000000048e+01
2.365299999999999869e+01
2.376200000000000045e+01
2.387099999999999866e+01
2.398000000000000043e+01
2.408899999999999864e+01
2.419800000000000040e+01
2.430699999999999861e+01
2.441600000000000037e+01
2.452499999999999858e+01
2.463400000000000034e+01
2.474299999999999855e+01
2.485200000000000031e+01
2.496099999999999852e+01
2.507000000000000028e+01
2.517899999999999849e+01
2.528800000000000026e+01
2.539699999999999847e+01
2.550600000000000023e+01
2.561499999999999844e+01
2.572400000000000020e+01
2.583299999999999841e+01
2.594200000000000017e+01
2.605099999999999838e+01
2.616000000000000014e+01
2.626899999999999835e+01
2.637800000000000011e+01
2.648699999999999832e+01
2.659600000000000009e+01
2.670499999999999829e+01
2.681400000000000006e+01
2.692299999999999827e+01
2.703200000000000003e+01
2.714099999999999824e+01
2.725000000000000000e+01
2.735899999999999821e+01
2.746799999999999997e+01
2.757699999999999818e+01
2.768599999999999994e+01
2.779499999999999815e+01
2.790399999999999991e+01
2.801300000000000168e+01
2.812199999999999989e+01
2.823100000000000165e+01
2.833999999999999986e+01
2.844900000000000162e+01
2.855799999999999983e+01
2.866700000000000159e+01
2.877599999999999980e+01
2.888500000000000156e+01
2.899399999999999977e+01
2.910300000000000153e+01
2.921199999999999974e+01
2.932100000000000151e+01
2.942999999999999972e+01
2.953900000000000148e+01
2.964799999999999969e+01
2.975700000000000145e+01
2.986599999999999966e+01
2.997500000000000142e+01
3.008399999999999963e+01
3.019300000000000139e+01
3.030199999999999960e+01
3.041100000000000136e+01
3.051999999999999957e+01
3.062900000000000134e+01
3.073799999999999955e+01
3.084700000000000131e+01
3.095599999999999952e+01
3.106500000000000128e+01
3.117399999999999949e+01
3.128300000000000125e+01
3.139199999999999946e+01
3.150100000000000122e+01
3.160999999999999943e+01
3.171900000000000119e+01
3.182799999999999940e+01
3.193700000000000117e+01
3.204599999999999937e+01
3.215500000000000114e+01
3.226400000000000290e+01
3.237299999999999756e+01
3.248199999999999932e+01
3.259100000000000108e+01
3.270000000000000284e+01
3.280899999999999750e+01
3.291799999999999926e+01
3.302700000000000102e+01
3.313600000000000279e+01
3.324499999999999744e+01
3.335399999999999920e+01
3.346300000000000097e+01
3.357200000000000273e+01
3.368099999999999739e+01
3.378999999999999915e+01
3.389900000000000091e+01
3.400800000000000267e+01
3.411699999999999733e+01
3.422599999999999909e+01
3.433500000000000085e+01
3.444400000000000261e+01
3.455299999999999727e+01
3.466199999999999903e+01
3.477100000000000080e+01
3.488000000000000256e+01
3.498899999999999721e+01
3.509799999999999898e+01
3.520700000000000074e+01
3.531600000000000250e+01
3.542499999999999716e+01
3.553399999999999892e+01
3.564300000000000068e+01
3.575200000000000244e+01
3.586099999999999710e+01
3.596999999999999886e+01
3.607900000000000063e+01
3.618800000000000239e+01
3.629699999999999704e+01
3.640599999999999881e+01
3.651500000000000057e+01
3.662400000000000233e+01
3.673299999999999699e+01
3.684199999999999875e+01
3.695100000000000051e+01
3.706000000000000227e+01
3.716899999999999693e+01
3.727799999999999869e+01
3.738700000000000045e+01
3.749600000000000222e+01
3.760499999999999687e+01
3.771399999999999864e+01
3.782300000000000040e+01
3.793200000000000216e+01
3.804099999999999682e+01
3.814999999999999858e+01
3.825900000000000034e+01
3.836800000000000210e+01
3.847699999999999676e+01
3.858599999999999852e+01
3.869500000000000028e+01
3.880400000000000205e+01
3.891299999999999670e+01
3.902199999999999847e+01
3.913100000000000023e+01
3.924000000000000199e+01
3.934899999999999665e+01
3.945799999999999841e+01
3.956700000000000017e+01
3.967600000000000193e+01
3.978499999999999659e+01
3.989399999999999835e+01
4.000300000000000011e+01
4.011200000000000188e+01
4.022099999999999653e+01
4.032999999999999829e+01
4.043900000000000006e+01
4.054800000000000182e+01
4.065699999999999648e+01
4.076599999999999824e+01
4.087500000000000000e+01
4.098400000000000176e+01
4.109299999999999642e+01
4.120199999999999818e+01
4.131099999999999994e+01
4.142000000000000171e+01
4.152899999999999636e+01
4.163799999999999812e+01
4.174699999999999989e+01
4.185600000000000165e+01
4.196500000000000341e+01
4.207399999999999807e+01
4.218299999999999983e+01
4.229200000000000159e+01
4.240100000000000335e+01
4.250999999999999801e+01
4.261899999999999977e+01
4.272800000000000153e+01
4.283700000000000330e+01
4.294599999999999795e+01
4.305499999999999972e+01
4.316400000000000148e+01
4.327300000000000324e+01
4.338199999999999790e+01
4.349099999999999966e+01
