-3.000000000000000000e+03
-2.996998499249624729e+03
-2.993996998499249457e+03
-2.990995497748874641e+03
-2.987993996998499370e+03
-2.984992496248124098e+03
-2.981990995497748827e+03
-2.978989494747373556e+03
-2.975987993996998284e+03
-2.972986493246623468e+03
-2.969984992496248196e+03
-2.966983491745872925e+03
-2.963981990995497654e+03
-2.960980490245122382e+03
-2.957978989494747566e+03
-2.954977488744372295e+03
-2.951975987993997023e+03
-2.948974487243621752e+03
-2.945972986493246481e+03
-2.942971485742871664e+03
-2.939969984992496393e+03
-2.936968484242121121e+03
-2.933966983491745850e+03
-2.930965482741370579e+03
-2.927963981990995308e+03
-2.924962481240620491e+03
-2.921960980490245220e+03
-2.918959479739869948e+03
-2.915957978989494677e+03
-2.912956478239119406e+03
-2.909954977488744589e+03
-2.906953476738369318e+03
-2.903951975987994047e+03
-2.900950475237618775e+03
-2.897948974487243504e+03
-2.894947473736868233e+03
-2.891945972986493416e+03
-2.888944472236118145e+03
-2.885942971485742873e+03
-2.882941470735367602e+03
-2.879939969984992331e+03
-2.876938469234617514e+03
-2.873936968484242243e+03
-2.870935467733866972e+03
-2.867933966983491700e+03
-2.864932466233116429e+03
-2.861930965482741158e+03
-2.858929464732366341e+03
-2.855927963981991070e+03
-2.852926463231615799e+03
-2.849924962481240527e+03
-2.846923461730865256e+03
-2.843921960980490439e+03
-2.840920460230115168e+03
-2.837918959479739897e+03
-2.834917458729364625e+03
-2.831915957978989354e+03
-2.828914457228614083e+03
-2.825912956478239266e+03
-2.822911455727863995e+03
-2.819909954977488724e+03
-2.816908454227113452e+03
-2.813906953476738181e+03
-2.810905452726363364e+03
-2.807903951975988093e+03
-2.804902451225612822e+03
-2.801900950475237551e+03
-2.798899449724862279e+03
-2.795897948974487463e+03
-2.792896448224112191e+03
-2.789894947473736920e+03
-2.786893446723361649e+03
-2.783891945972986377e+03
-2.780890445222611561e+03
-2.777888944472236290e+03
-2.774887443721861018e+03
-2.771885942971485747e+03
-2.768884442221110476e+03
-2.765882941470735204e+03
-2.762881440720360388e+03
-2.759879939969985116e+03
-2.756878439219609845e+03
-2.753876938469234574e+03
-2.750875437718859303e+03
-2.747873936968484486e+03
-2.744872436218109215e+03
-2.741870935467733943e+03
-2.738869434717358672e+03
-2.735867933966983401e+03
-2.732866433216608129e+03
-2.729864932466233313e+03
-2.726863431715858042e+03
-2.723861930965482770e+03
-2.720860430215107499e+03
-2.717858929464732228e+03
-2.714857428714357411e+03
-2.711855927963982140e+03
-2.708854427213606868e+03
-2.705852926463231597e+03
-2.702851425712856326e+03
-2.699849924962481055e+03
-2.696848424212106238e+03
-2.693846923461730967e+03
-2.690845422711355695e+03
-2.687843921960980424e+03
-2.684842421210605153e+03
-2.681840920460230336e+03
-2.678839419709855065e+03
-2.675837918959479794e+03
-2.672836418209104522e+03
-2.669834917458729251e+03
-2.666833416708353980e+03
-2.663831915957979163e+03
-2.660830415207603892e+03
-2.657828914457228620e+03
-2.654827413706853349e+03
-2.651825912956478078e+03
-2.648824412206103261e+03
-2.645822911455727990e+03
-2.642821410705352719e+03
-2.639819909954977447e+03
-2.636818409204602176e+03
-2.633816908454226905e+03
-2.630815407703852088e+03
-2.627813906953476817e+03
-2.624812406203101546e+03
-2.621810905452726274e+03
-2.618809404702351458e+03
-2.615807903951976186e+03
-2.612806403201600915e+03
-2.609804902451225644e+03
-2.606803401700850372e+03
-2.603801900950475101e+03
-2.600800400200099830e+03
-2.597798899449725013e+03
-2.594797398699349742e+03
-2.591795897948974471e+03
-2.588794397198599199e+03
-2.585792896448224383e+03
-2.582791395697849111e+03
-2.579789894947473840e+03
-2.576788394197098569e+03
-2.573786893446723298e+03
-2.570785392696348026e+03
-2.567783891945973210e+03
-2.564782391195597938e+03
-2.561780890445222667e+03
-2.558779389694847396e+03
-2.555777888944472124e+03
-2.552776388194097308e+03
-2.549774887443722037e+03
-2.546773386693346765e+03
-2.543771885942971494e+03
-2.540770385192596223e+03
-2.537768884442220951e+03
-2.534767383691846135e+03
-2.531765882941470863e+03
-2.528764382191095592e+03
-2.525762881440720321e+03
-2.522761380690345050e+03
-2.519759879939970233e+03
-2.516758379189594962e+03
-2.513756878439219690e+03
-2.510755377688844419e+03
-2.507753876938469148e+03
-2.504752376188093876e+03
-2.501750875437719060e+03
-2.498749374687343789e+03
-2.495747873936968517e+03
-2.492746373186593246e+03
-2.489744872436217975e+03
-2.486743371685843158e+03
-2.483741870935467887e+03
-2.480740370185092615e+03
-2.477738869434717344e+03
-2.474737368684342073e+03
-2.471735867933966802e+03
-2.468734367183591985e+03
-2.465732866433216714e+03
-2.462731365682841442e+03
-2.459729864932466171e+03
-2.456728364182091354e+03
-2.453726863431716083e+03
-2.450725362681340812e+03
-2.447723861930965541e+03
-2.444722361180590269e+03
-2.441720860430214998e+03
-2.438719359679839727e+03
-2.435717858929464910e+03
-2.432716358179089639e+03
-2.429714857428714367e+03
-2.426713356678339096e+03
-2.423711855927964280e+03
-2.420710355177589008e+03
-2.417708854427213737e+03
-2.414707353676838466e+03
-2.411705852926463194e+03
-2.408704352176087923e+03
-2.405702851425712652e+03
-2.402701350675337835e+03
-2.399699849924962564e+03
-2.396698349174587293e+03
-2.393696848424212021e+03
-2.390695347673837205e+03
-2.387693846923461933e+03
-2.384692346173086662e+03
-2.381690845422711391e+03
-2.378689344672336119e+03
-2.375687843921960848e+03
-2.372686343171585577e+03
-2.369684842421210760e+03
-2.366683341670835489e+03
-2.363681840920460218e+03
-2.360680340170084946e+03
-2.357678839419710130e+03
-2.354677338669334858e+03
-2.351675837918959587e+03
-2.348674337168584316e+03
-2.345672836418209044e+03
-2.342671335667833773e+03
-2.339669834917458502e+03
-2.336668334167083685e+03
-2.333666833416708414e+03
-2.330665332666333143e+03
-2.327663831915957871e+03
-2.324662331165583055e+03
-2.321660830415207784e+03
-2.318659329664832512e+03
-2.315657828914457241e+03
-2.312656328164081970e+03
-2.309654827413706698e+03
-2.306653326663331882e+03
-2.303651825912956610e+03
-2.300650325162581339e+03
-2.297648824412206068e+03
-2.294647323661830796e+03
-2.291645822911455980e+03
-2.288644322161080709e+03
-2.285642821410705437e+03
-2.282641320660330166e+03
-2.279639819909954895e+03
-2.276638319159579623e+03
-2.273636818409204807e+03
-2.270635317658829536e+03
-2.267633816908454264e+03
-2.264632316158078993e+03
-2.261630815407704176e+03
-2.258629314657328905e+03
-2.255627813906953634e+03
-2.252626313156578362e+03
-2.249624812406203091e+03
-2.246623311655827820e+03
-2.243621810905452548e+03
-2.240620310155077732e+03
-2.237618809404702461e+03
-2.234617308654327189e+03
-2.231615807903951918e+03
-2.228614307153577101e+03
-2.225612806403201830e+03
-2.222611305652826559e+03
-2.219609804902451287e+03
-2.216608304152076016e+03
-2.213606803401700745e+03
-2.210605302651325474e+03
-2.207603801900950657e+03
-2.204602301150575386e+03
-2.201600800400200114e+03
-2.198599299649824843e+03
-2.195597798899450027e+03
-2.192596298149074755e+03
-2.189594797398699484e+03
-2.186593296648324213e+03
-2.183591795897948941e+03
-2.180590295147573670e+03
-2.177588794397198399e+03
-2.174587293646823582e+03
-2.171585792896448311e+03
-2.168584292146073039e+03
-2.165582791395697768e+03
-2.162581290645322952e+03
-2.159579789894947680e+03
-2.156578289144572409e+03
-2.153576788394197138e+03
-2.150575287643821866e+03
-2.147573786893446595e+03
-2.144572286143071324e+03
-2.141570785392696507e+03
-2.138569284642321236e+03
-2.135567783891945965e+03
-2.132566283141570693e+03
-2.129564782391195877e+03
-2.126563281640820605e+03
-2.123561780890445334e+03
-2.120560280140070063e+03
-2.117558779389694791e+03
-2.114557278639319520e+03
-2.111555777888944704e+03
-2.108554277138569432e+03
-2.105552776388194161e+03
-2.102551275637818890e+03
-2.099549774887443618e+03
-2.096548274137068802e+03
-2.093546773386693530e+03
-2.090545272636318259e+03
-2.087543771885942988e+03
-2.084542271135567717e+03
-2.081540770385192445e+03
-2.078539269634817629e+03
-2.075537768884442357e+03
-2.072536268134067086e+03
-2.069534767383691815e+03
-2.066533266633316998e+03
-2.063531765882941727e+03
-2.060530265132566456e+03
-2.057528764382191184e+03
-2.054527263631815913e+03
-2.051525762881440642e+03
-2.048524262131065370e+03
-2.045522761380690554e+03
-2.042521260630315282e+03
-2.039519759879940011e+03
-2.036518259129564740e+03
-2.033516758379189696e+03
-2.030515257628814425e+03
-2.027513756878439381e+03
-2.024512256128064109e+03
-2.021510755377688838e+03
-2.018509254627313567e+03
-2.015507753876938523e+03
-2.012506253126563479e+03
-2.009504752376188208e+03
-2.006503251625812936e+03
-2.003501750875437665e+03
-2.000500250125062621e+03
-1.997498749374687577e+03
-1.994497248624312306e+03
-1.991495747873937034e+03
-1.988494247123561763e+03
-1.985492746373186719e+03
-1.982491245622811448e+03
-1.979489744872436404e+03
-1.976488244122061133e+03
-1.973486743371685861e+03
-1.970485242621310817e+03
-1.967483741870935546e+03
-1.964482241120560275e+03
-1.961480740370185231e+03
-1.958479239619809960e+03
-1.955477738869434688e+03
-1.952476238119059644e+03
-1.949474737368684373e+03
-1.946473236618309329e+03
-1.943471735867934058e+03
-1.940470235117558786e+03
-1.937468734367183743e+03
-1.934467233616808471e+03
-1.931465732866433200e+03
-1.928464232116058156e+03
-1.925462731365682885e+03
-1.922461230615307841e+03
-1.919459729864932569e+03
-1.916458229114557298e+03
-1.913456728364182254e+03
-1.910455227613806983e+03
-1.907453726863431712e+03
-1.904452226113056668e+03
-1.901450725362681396e+03
-1.898449224612306125e+03
-1.895447723861931081e+03
-1.892446223111555810e+03
-1.889444722361180766e+03
-1.886443221610805494e+03
-1.883441720860430223e+03
-1.880440220110055179e+03
-1.877438719359679908e+03
-1.874437218609304637e+03
-1.871435717858929593e+03
-1.868434217108554321e+03
-1.865432716358179277e+03
-1.862431215607804006e+03
-1.859429714857428735e+03
-1.856428214107053691e+03
-1.853426713356678420e+03
-1.850425212606303148e+03
-1.847423711855928104e+03
-1.844422211105552833e+03
-1.841420710355177562e+03
-1.838419209604802518e+03
-1.835417708854427246e+03
-1.832416208104052203e+03
-1.829414707353676931e+03
-1.826413206603301660e+03
-1.823411705852926616e+03
-1.820410205102551345e+03
-1.817408704352176073e+03
-1.814407203601801029e+03
-1.811405702851425758e+03
-1.808404202101050714e+03
-1.805402701350675443e+03
-1.802401200600300172e+03
-1.799399699849925128e+03
-1.796398199099549856e+03
-1.793396698349174585e+03
-1.790395197598799541e+03
-1.787393696848424270e+03
-1.784392196098049226e+03
-1.781390695347673955e+03
-1.778389194597298683e+03
-1.775387693846923639e+03
-1.772386193096548368e+03
-1.769384692346173097e+03
-1.766383191595798053e+03
-1.763381690845422781e+03
-1.760380190095047510e+03
-1.757378689344672466e+03
-1.754377188594297195e+03
-1.751375687843922151e+03
-1.748374187093546880e+03
-1.745372686343171608e+03
-1.742371185592796564e+03
-1.739369684842421293e+03
-1.736368184092046022e+03
-1.733366683341670978e+03
-1.730365182591295707e+03
-1.727363681840920663e+03
-1.724362181090545391e+03
-1.721360680340170120e+03
-1.718359179589795076e+03
-1.715357678839419805e+03
-1.712356178089044533e+03
-1.709354677338669489e+03
-1.706353176588294218e+03
-1.703351675837918947e+03
-1.700350175087543903e+03
-1.697348674337168632e+03
-1.694347173586793588e+03
-1.691345672836418316e+03
-1.688344172086043045e+03
-1.685342671335668001e+03
-1.682341170585292730e+03
-1.679339669834917459e+03
-1.676338169084542415e+03
-1.673336668334167143e+03
-1.670335167583792099e+03
-1.667333666833416828e+03
-1.664332166083041557e+03
-1.661330665332666513e+03
-1.658329164582291241e+03
-1.655327663831915970e+03
-1.652326163081540926e+03
-1.649324662331165655e+03
-1.646323161580790384e+03
-1.643321660830415340e+03
-1.640320160080040068e+03
-1.637318659329665024e+03
-1.634317158579289753e+03
-1.631315657828914482e+03
-1.628314157078539438e+03
-1.625312656328164167e+03
-1.622311155577788895e+03
-1.619309654827413851e+03
-1.616308154077038580e+03
-1.613306653326663536e+03
-1.610305152576288265e+03
-1.607303651825912993e+03
-1.604302151075537950e+03
-1.601300650325162678e+03
-1.598299149574787407e+03
-1.595297648824412363e+03
-1.592296148074037092e+03
-1.589294647323661820e+03
-1.586293146573286776e+03
-1.583291645822911505e+03
-1.580290145072536461e+03
-1.577288644322161190e+03
-1.574287143571785919e+03
-1.571285642821410875e+03
-1.568284142071035603e+03
-1.565282641320660332e+03
-1.562281140570285288e+03
-1.559279639819910017e+03
-1.556278139069534973e+03
-1.553276638319159701e+03
-1.550275137568784430e+03
-1.547273636818409386e+03
-1.544272136068034115e+03
-1.541270635317658844e+03
-1.538269134567283800e+03
-1.535267633816908528e+03
-1.532266133066533484e+03
-1.529264632316158213e+03
-1.526263131565782942e+03
-1.523261630815407898e+03
-1.520260130065032627e+03
-1.517258629314657355e+03
-1.514257128564282311e+03
-1.511255627813907040e+03
-1.508254127063531769e+03
-1.505252626313156725e+03
-1.502251125562781453e+03
-1.499249624812406410e+03
-1.496248124062031138e+03
-1.493246623311655867e+03
-1.490245122561280823e+03
-1.487243621810905552e+03
-1.484242121060530280e+03
-1.481240620310155236e+03
-1.478239119559779965e+03
-1.475237618809404921e+03
-1.472236118059029650e+03
-1.469234617308654379e+03
-1.466233116558279335e+03
-1.463231615807904063e+03
-1.460230115057528792e+03
-1.457228614307153748e+03
-1.454227113556778477e+03
-1.451225612806403205e+03
-1.448224112056028162e+03
-1.445222611305652890e+03
-1.442221110555277846e+03
-1.439219609804902575e+03
-1.436218109054527304e+03
-1.433216608304152260e+03
-1.430215107553776988e+03
-1.427213606803401717e+03
-1.424212106053026673e+03
-1.421210605302651402e+03
-1.418209104552276358e+03
-1.415207603801901087e+03
-1.412206103051525815e+03
-1.409204602301150771e+03
-1.406203101550775500e+03
-1.403201600800400229e+03
-1.400200100050025185e+03
-1.397198599299649914e+03
-1.394197098549274642e+03
-1.391195597798899598e+03
-1.388194097048524327e+03
-1.385192596298149283e+03
-1.382191095547774012e+03
-1.379189594797398740e+03
-1.376188094047023696e+03
-1.373186593296648425e+03
-1.370185092546273154e+03
-1.367183591795898110e+03
-1.364182091045522839e+03
-1.361180590295147795e+03
-1.358179089544772523e+03
-1.355177588794397252e+03
-1.352176088044022208e+03
-1.349174587293646937e+03
-1.346173086543271666e+03
-1.343171585792896622e+03
-1.340170085042521350e+03
-1.337168584292146306e+03
-1.334167083541771035e+03
-1.331165582791395764e+03
-1.328164082041020720e+03
-1.325162581290645448e+03
-1.322161080540270177e+03
-1.319159579789895133e+03
-1.316158079039519862e+03
-1.313156578289144591e+03
-1.310155077538769547e+03
-1.307153576788394275e+03
-1.304152076038019231e+03
-1.301150575287643960e+03
-1.298149074537268689e+03
-1.295147573786893645e+03
-1.292146073036518374e+03
-1.289144572286143102e+03
-1.286143071535768058e+03
-1.283141570785392787e+03
-1.280140070035017743e+03
-1.277138569284642472e+03
-1.274137068534267200e+03
-1.271135567783892157e+03
-1.268134067033516885e+03
-1.265132566283141614e+03
-1.262131065532766570e+03
-1.259129564782391299e+03
-1.256128064032016027e+03
-1.253126563281640983e+03
-1.250125062531265712e+03
-1.247123561780890668e+03
-1.244122061030515397e+03
-1.241120560280140126e+03
-1.238119059529765082e+03
-1.235117558779389810e+03
-1.232116058029014539e+03
-1.229114557278639495e+03
-1.226113056528264224e+03
-1.223111555777889180e+03
-1.220110055027513908e+03
-1.217108554277138637e+03
-1.214107053526763593e+03
-1.211105552776388322e+03
-1.208104052026013051e+03
-1.205102551275638007e+03
-1.202101050525262735e+03
-1.199099549774887464e+03
-1.196098049024512420e+03
-1.193096548274137149e+03
-1.190095047523762105e+03
-1.187093546773386834e+03
-1.184092046023011562e+03
-1.181090545272636518e+03
-1.178089044522261247e+03
-1.175087543771885976e+03
-1.172086043021510932e+03
-1.169084542271135660e+03
-1.166083041520760617e+03
-1.163081540770385345e+03
-1.160080040020010074e+03
-1.157078539269635030e+03
-1.154077038519259759e+03
-1.151075537768884487e+03
-1.148074037018509443e+03
-1.145072536268134172e+03
-1.142071035517758901e+03
-1.139069534767383857e+03
-1.136068034017008586e+03
-1.133066533266633542e+03
-1.130065032516258270e+03
-1.127063531765882999e+03
-1.124062031015507955e+03
-1.121060530265132684e+03
-1.118059029514757412e+03
-1.115057528764382369e+03
-1.112056028014007097e+03
-1.109054527263632053e+03
-1.106053026513256782e+03
-1.103051525762881511e+03
-1.100050025012506467e+03
-1.097048524262131195e+03
-1.094047023511755924e+03
-1.091045522761380880e+03
-1.088044022011005609e+03
-1.085042521260630565e+03
-1.082041020510255294e+03
-1.079039519759880022e+03
-1.076038019009504978e+03
-1.073036518259129707e+03
-1.070035017508754436e+03
-1.067033516758379392e+03
-1.064032016008004121e+03
-1.061030515257628849e+03
-1.058029014507253805e+03
-1.055027513756878534e+03
-1.052026013006503490e+03
-1.049024512256128219e+03
-1.046023011505752947e+03
-1.043021510755377903e+03
-1.040020010005002632e+03
-1.037018509254627361e+03
-1.034017008504252317e+03
-1.031015507753877046e+03
-1.028014007003502002e+03
-1.025012506253126730e+03
-1.022011005502751459e+03
-1.019009504752376415e+03
-1.016008004002001144e+03
-1.013006503251625873e+03
-1.010005002501250829e+03
-1.007003501750875557e+03
-1.004002001000500286e+03
-1.001000500250125242e+03
-9.979989994997499707e+02
-9.949974987493749268e+02
-9.919959979989996555e+02
-9.889944972486243842e+02
-9.859929964982493402e+02
-9.829914957478740689e+02
-9.799899949974987976e+02
-9.769884942471237537e+02
-9.739869934967484824e+02
-9.709854927463734384e+02
-9.679839919959981671e+02
-9.649824912456228958e+02
-9.619809904952478519e+02
-9.589794897448725806e+02
-9.559779889944973092e+02
-9.529764882441222653e+02
-9.499749874937469940e+02
-9.469734867433717227e+02
-9.439719859929964514e+02
-9.409704852426216348e+02
-9.379689844922463635e+02
-9.349674837418710922e+02
-9.319659829914958209e+02
-9.289644822411205496e+02
-9.259629814907457330e+02
-9.229614807403704617e+02
-9.199599799899951904e+02
-9.169584792396199191e+02
-9.139569784892446478e+02
-9.109554777388693765e+02
-9.079539769884945599e+02
-9.049524762381192886e+02
-9.019509754877440173e+02
-8.989494747373687460e+02
-8.959479739869934747e+02
-8.929464732366186581e+02
-8.899449724862433868e+02
-8.869434717358681155e+02
-8.839419709854928442e+02
-8.809404702351175729e+02
-8.779389694847423016e+02
-8.749374687343674850e+02
-8.719359679839922137e+02
-8.689344672336169424e+02
-8.659329664832416711e+02
-8.629314657328663998e+02
-8.599299649824915832e+02
-8.569284642321163119e+02
-8.539269634817410406e+02
-8.509254627313657693e+02
-8.479239619809904980e+02
-8.449224612306156814e+02
-8.419209604802404101e+02
-8.389194597298651388e+02
-8.359179589794898675e+02
-8.329164582291145962e+02
-8.299149574787393249e+02
-8.269134567283645083e+02
-8.239119559779892370e+02
-8.209104552276139657e+02
-8.179089544772386944e+02
-8.149074537268634231e+02
-8.119059529764886065e+02
-8.089044522261133352e+02
-8.059029514757380639e+02
-8.029014507253627926e+02
-7.998999499749875213e+02
-7.968984492246122500e+02
-7.938969484742374334e+02
-7.908954477238621621e+02
-7.878939469734868908e+02
-7.848924462231116195e+02
-7.818909454727363482e+02
-7.788894447223615316e+02
-7.758879439719862603e+02
-7.728864432216109890e+02
-7.698849424712357177e+02
-7.668834417208604464e+02
-7.638819409704856298e+02
-7.608804402201103585e+02
-7.578789394697350872e+02
-7.548774387193598159e+02
-7.518759379689845446e+02
-7.488744372186092733e+02
-7.458729364682344567e+02
-7.428714357178591854e+02
-7.398699349674839141e+02
-7.368684342171086428e+02
-7.338669334667333715e+02
-7.308654327163585549e+02
-7.278639319659832836e+02
-7.248624312156080123e+02
-7.218609304652327410e+02
-7.188594297148574697e+02
-7.158579289644821984e+02
-7.128564282141073818e+02
-7.098549274637321105e+02
-7.068534267133568392e+02
-7.038519259629815679e+02
-7.008504252126062966e+02
-6.978489244622314800e+02
-6.948474237118562087e+02
-6.918459229614809374e+02
-6.888444222111056661e+02
-6.858429214607303948e+02
-6.828414207103551234e+02
-6.798399199599803069e+02
-6.768384192096050356e+02
-6.738369184592297643e+02
-6.708354177088544930e+02
-6.678339169584792216e+02
-6.648324162081044051e+02
-6.618309154577291338e+02
-6.588294147073538625e+02
-6.558279139569785912e+02
-6.528264132066033198e+02
-6.498249124562285033e+02
-6.468234117058532320e+02
-6.438219109554779607e+02
-6.408204102051026894e+02
-6.378189094547274181e+02
-6.348174087043521467e+02
-6.318159079539773302e+02
-6.288144072036020589e+02
-6.258129064532267876e+02
-6.228114057028515163e+02
-6.198099049524762449e+02
-6.168084042021014284e+02
-6.138069034517261571e+02
-6.108054027013508858e+02
-6.078039019509756145e+02
-6.048024012006003431e+02
-6.018009004502250718e+02
-5.987993996998502553e+02
-5.957978989494749840e+02
-5.927963981990997127e+02
-5.897948974487244413e+02
-5.867933966983491700e+02
-5.837918959479743535e+02
-5.807903951975990822e+02
-5.777888944472238109e+02
-5.747873936968485395e+02
-5.717858929464732682e+02
-5.687843921960984517e+02
-5.657828914457231804e+02
-5.627813906953479091e+02
-5.597798899449726377e+02
-5.567783891945973664e+02
-5.537768884442220951e+02
-5.507753876938472786e+02
-5.477738869434720073e+02
-5.447723861930967360e+02
-5.417708854427214646e+02
-5.387693846923461933e+02
-5.357678839419713768e+02
-5.327663831915961055e+02
-5.297648824412208342e+02
-5.267633816908455628e+02
-5.237618809404702915e+02
-5.207603801900950202e+02
-5.177588794397202037e+02
-5.147573786893449324e+02
-5.117558779389696610e+02
-5.087543771885943897e+02
-5.057528764382191184e+02
-5.027513756878443019e+02
-4.997498749374690306e+02
-4.967483741870937592e+02
-4.937468734367184879e+02
-4.907453726863432166e+02
-4.877438719359679453e+02
-4.847423711855931288e+02
-4.817408704352178574e+02
-4.787393696848425861e+02
-4.757378689344673148e+02
-4.727363681840920435e+02
-4.697348674337172270e+02
-4.667333666833419556e+02
-4.637318659329666843e+02
-4.607303651825914130e+02
-4.577288644322161417e+02
-4.547273636818413252e+02
-4.517258629314660539e+02
-4.487243621810907825e+02
-4.457228614307155112e+02
-4.427213606803402399e+02
-4.397198599299649686e+02
-4.367183591795901521e+02
-4.337168584292148807e+02
-4.307153576788396094e+02
-4.277138569284643381e+02
-4.247123561780890668e+02
-4.217108554277142503e+02
-4.187093546773389789e+02
-4.157078539269637076e+02
-4.127063531765884363e+02
-4.097048524262131650e+02
-4.067033516758378937e+02
-4.037018509254630771e+02
-4.007003501750878058e+02
-3.976988494247125345e+02
-3.946973486743372632e+02
-3.916958479239619919e+02
-3.886943471735871753e+02
-3.856928464232119040e+02
-3.826913456728366327e+02
-3.796898449224613614e+02
-3.766883441720860901e+02
-3.736868434217108188e+02
-3.706853426713360022e+02
-3.676838419209607309e+02
-3.646823411705854596e+02
-3.616808404202101883e+02
-3.586793396698349170e+02
-3.556778389194601004e+02
-3.526763381690848291e+02
-3.496748374187095578e+02
-3.466733366683342865e+02
-3.436718359179590152e+02
-3.406703351675841986e+02
-3.376688344172089273e+02
-3.346673336668336560e+02
-3.316658329164583847e+02
-3.286643321660831134e+02
-3.256628314157078421e+02
-3.226613306653330255e+02
-3.196598299149577542e+02
-3.166583291645824829e+02
-3.136568284142072116e+02
-3.106553276638319403e+02
-3.076538269134571237e+02
-3.046523261630818524e+02
-3.016508254127065811e+02
-2.986493246623313098e+02
-2.956478239119560385e+02
-2.926463231615807672e+02
-2.896448224112059506e+02
-2.866433216608306793e+02
-2.836418209104554080e+02
-2.806403201600801367e+02
-2.776388194097048654e+02
-2.746373186593300488e+02
-2.716358179089547775e+02
-2.686343171585795062e+02
-2.656328164082042349e+02
-2.626313156578289636e+02
-2.596298149074541470e+02
-2.566283141570788757e+02
-2.536268134067036044e+02
-2.506253126563283331e+02
-2.476238119059530618e+02
-2.446223111555777905e+02
-2.416208104052029739e+02
-2.386193096548277026e+02
-2.356178089044524313e+02
-2.326163081540771600e+02
-2.296148074037018887e+02
-2.266133066533270721e+02
-2.236118059029518008e+02
-2.206103051525765295e+02
-2.176088044022012582e+02
-2.146073036518259869e+02
-2.116058029014507156e+02
-2.086043021510758990e+02
-2.056028014007006277e+02
-2.026013006503253564e+02
-1.995997998999500851e+02
-1.965982991495748138e+02
-1.935967983991999972e+02
-1.905952976488247259e+02
-1.875937968984494546e+02
-1.845922961480741833e+02
-1.815907953976989120e+02
-1.785892946473236407e+02
-1.755877938969488241e+02
-1.725862931465735528e+02
-1.695847923961982815e+02
-1.665832916458230102e+02
-1.635817908954477389e+02
-1.605802901450729223e+02
-1.575787893946976510e+02
-1.545772886443223797e+02
-1.515757878939471084e+02
-1.485742871435718371e+02
-1.455727863931970205e+02
-1.425712856428217492e+02
-1.395697848924464779e+02
-1.365682841420712066e+02
-1.335667833916959353e+02
-1.305652826413206640e+02
-1.275637818909458474e+02
-1.245622811405705761e+02
-1.215607803901953048e+02
-1.185592796398200335e+02
-1.155577788894447622e+02
-1.125562781390699456e+02
-1.095547773886946743e+02
-1.065532766383194030e+02
-1.035517758879441317e+02
-1.005502751375688604e+02
-9.754877438719358906e+01
-9.454727363681877250e+01
-9.154577288644350119e+01
-8.854427213606822988e+01
-8.554277138569295857e+01
-8.254127063531768727e+01
-7.953976988494287070e+01
-7.653826913456759939e+01
-7.353676838419232809e+01
-7.053526763381705678e+01
-6.753376688344178547e+01
-6.453226613306696891e+01
-6.153076538269169760e+01
-5.852926463231642629e+01
-5.552776388194115498e+01
-5.252626313156588367e+01
-4.952476238119061236e+01
-4.652326163081579580e+01
-4.352176088044052449e+01
-4.052026013006525318e+01
-3.751875937968998187e+01
-3.451725862931471056e+01
-3.151575787893989400e+01
-2.851425712856462269e+01
-2.551275637818935138e+01
-2.251125562781408007e+01
-1.950975487743880876e+01
-1.650825412706353745e+01
-1.350675337668872089e+01
-1.050525262631344958e+01
-7.503751875938178273e+00
-4.502251125562906964e+00
-1.500750375187635655e+00
1.500750375187180907e+00
4.502251125562452216e+00
7.503751875937723526e+00
1.050525262631299483e+01
1.350675337668826614e+01
1.650825412706353745e+01
1.950975487743835401e+01
2.251125562781362532e+01
2.551275637818889663e+01
2.851425712856416794e+01
3.151575787893943925e+01
3.451725862931425581e+01
3.751875937968952712e+01
4.052026013006479843e+01
4.352176088044006974e+01
4.652326163081534105e+01
4.952476238119015761e+01
5.252626313156542892e+01
5.552776388194070023e+01
5.852926463231597154e+01
6.153076538269124285e+01
6.453226613306651416e+01
6.753376688344133072e+01
7.053526763381660203e+01
7.353676838419187334e+01
7.653826913456714465e+01
7.953976988494241596e+01
8.254127063531723252e+01
8.554277138569250383e+01
8.854427213606777514e+01
9.154577288644304645e+01
9.454727363681831775e+01
9.754877438719358906e+01
1.005502751375684056e+02
1.035517758879436769e+02
1.065532766383189482e+02
1.095547773886942196e+02
1.125562781390694909e+02
1.155577788894443074e+02
1.185592796398195787e+02
1.215607803901948500e+02
1.245622811405701214e+02
1.275637818909453927e+02
1.305652826413202092e+02
1.335667833916954805e+02
1.365682841420707518e+02
1.395697848924460232e+02
1.425712856428212945e+02
1.455727863931965658e+02
1.485742871435713823e+02
1.515757878939466536e+02
1.545772886443219249e+02
1.575787893946971963e+02
1.605802901450724676e+02
1.635817908954472841e+02
1.665832916458225554e+02
1.695847923961978267e+02
1.725862931465730981e+02
1.755877938969483694e+02
1.785892946473236407e+02
1.815907953976984572e+02
1.845922961480737285e+02
1.875937968984489999e+02
1.905952976488242712e+02
1.935967983991995425e+02
1.965982991495743590e+02
1.995997998999496303e+02
2.026013006503249017e+02
2.056028014007001730e+02
2.086043021510754443e+02
2.116058029014507156e+02
2.146073036518255321e+02
2.176088044022008035e+02
2.206103051525760748e+02
2.236118059029513461e+02
2.266133066533266174e+02
2.296148074037014339e+02
2.326163081540767053e+02
2.356178089044519766e+02
2.386193096548272479e+02
2.416208104052025192e+02
2.446223111555773357e+02
2.476238119059526070e+02
2.506253126563278784e+02
2.536268134067031497e+02
2.566283141570784210e+02
2.596298149074536923e+02
2.626313156578285088e+02
2.656328164082037802e+02
2.686343171585790515e+02
2.716358179089543228e+02
2.746373186593295941e+02
2.776388194097044106e+02
2.806403201600796820e+02
2.836418209104549533e+02
2.866433216608302246e+02
2.896448224112054959e+02
2.926463231615807672e+02
2.956478239119555838e+02
2.986493246623308551e+02
3.016508254127061264e+02
3.046523261630813977e+02
3.076538269134566690e+02
3.106553276638314856e+02
3.136568284142067569e+02
3.166583291645820282e+02
3.196598299149572995e+02
3.226613306653325708e+02
3.256628314157073874e+02
3.286643321660826587e+02
3.316658329164579300e+02
3.346673336668332013e+02
3.376688344172084726e+02
3.406703351675837439e+02
3.436718359179585605e+02
3.466733366683338318e+02
3.496748374187091031e+02
3.526763381690843744e+02
3.556778389194596457e+02
3.586793396698344623e+02
3.616808404202097336e+02
3.646823411705850049e+02
3.676838419209602762e+02
3.706853426713355475e+02
3.736868434217108188e+02
3.766883441720856354e+02
3.796898449224609067e+02
3.826913456728361780e+02
3.856928464232114493e+02
3.886943471735867206e+02
3.916958479239615372e+02
3.946973486743368085e+02
3.976988494247120798e+02
4.007003501750873511e+02
4.037018509254626224e+02
4.067033516758378937e+02
4.097048524262127103e+02
4.127063531765879816e+02
4.157078539269632529e+02
4.187093546773385242e+02
4.217108554277137955e+02
4.247123561780886121e+02
4.277138569284638834e+02
4.307153576788391547e+02
4.337168584292144260e+02
4.367183591795896973e+02
4.397198599299645139e+02
4.427213606803397852e+02
4.457228614307150565e+02
4.487243621810903278e+02
4.517258629314655991e+02
4.547273636818408704e+02
4.577288644322156870e+02
4.607303651825909583e+02
4.637318659329662296e+02
4.667333666833415009e+02
4.697348674337167722e+02
4.727363681840915888e+02
4.757378689344668601e+02
4.787393696848421314e+02
4.817408704352174027e+02
4.847423711855926740e+02
4.877438719359679453e+02
4.907453726863427619e+02
4.937468734367180332e+02
4.967483741870933045e+02
4.997498749374685758e+02
5.027513756878438471e+02
5.057528764382186637e+02
5.087543771885939350e+02
5.117558779389692063e+02
5.147573786893444776e+02
5.177588794397197489e+02
5.207603801900945655e+02
5.237618809404698368e+02
5.267633816908451081e+02
5.297648824412203794e+02
5.327663831915956507e+02
5.357678839419709220e+02
5.387693846923457386e+02
5.417708854427210099e+02
5.447723861930962812e+02
5.477738869434715525e+02
5.507753876938468238e+02
5.537768884442216404e+02
5.567783891945969117e+02
5.597798899449721830e+02
5.627813906953474543e+02
5.657828914457227256e+02
5.687843921960979969e+02
5.717858929464728135e+02
5.747873936968480848e+02
5.777888944472233561e+02
5.807903951975986274e+02
5.837918959479738987e+02
5.867933966983487153e+02
5.897948974487239866e+02
5.927963981990992579e+02
5.957978989494745292e+02
5.987993996998498005e+02
6.018009004502250718e+02
6.048024012005998884e+02
6.078039019509751597e+02
6.108054027013504310e+02
6.138069034517257023e+02
6.168084042021009736e+02
6.198099049524757902e+02
6.228114057028510615e+02
6.258129064532263328e+02
6.288144072036016041e+02
6.318159079539768754e+02
6.348174087043516920e+02
6.378189094547269633e+02
6.408204102051022346e+02
6.438219109554775059e+02
6.468234117058527772e+02
6.498249124562280485e+02
6.528264132066028651e+02
6.558279139569781364e+02
6.588294147073534077e+02
6.618309154577286790e+02
6.648324162081039503e+02
6.678339169584787669e+02
6.708354177088540382e+02
6.738369184592293095e+02
6.768384192096045808e+02
6.798399199599798521e+02
6.828414207103551234e+02
6.858429214607299400e+02
6.888444222111052113e+02
6.918459229614804826e+02
6.948474237118557539e+02
6.978489244622310252e+02
7.008504252126058418e+02
7.038519259629811131e+02
7.068534267133563844e+02
7.098549274637316557e+02
7.128564282141069270e+02
7.158579289644821984e+02
7.188594297148570149e+02
7.218609304652322862e+02
7.248624312156075575e+02
7.278639319659828288e+02
7.308654327163581002e+02
7.338669334667329167e+02
7.368684342171081880e+02
7.398699349674834593e+02
7.428714357178587306e+02
7.458729364682340019e+02
7.488744372186088185e+02
7.518759379689840898e+02
7.548774387193593611e+02
7.578789394697346324e+02
7.608804402201099037e+02
7.638819409704851751e+02
7.668834417208599916e+02
7.698849424712352629e+02
7.728864432216105342e+02
7.758879439719858055e+02
7.788894447223610769e+02
7.818909454727358934e+02
7.848924462231111647e+02
7.878939469734864360e+02
7.908954477238617073e+02
7.938969484742369787e+02
7.968984492246122500e+02
7.998999499749870665e+02
8.029014507253623378e+02
8.059029514757376091e+02
8.089044522261128805e+02
8.119059529764881518e+02
8.149074537268629683e+02
8.179089544772382396e+02
8.209104552276135109e+02
8.239119559779887823e+02
8.269134567283640536e+02
8.299149574787388701e+02
8.329164582291141414e+02
8.359179589794894127e+02
8.389194597298646840e+02
8.419209604802399554e+02
8.449224612306152267e+02
8.479239619809900432e+02
8.509254627313653145e+02
8.539269634817405858e+02
8.569284642321158572e+02
8.599299649824911285e+02
8.629314657328659450e+02
8.659329664832412163e+02
8.689344672336164876e+02
8.719359679839917590e+02
8.749374687343670303e+02
8.779389694847423016e+02
8.809404702351171181e+02
8.839419709854923894e+02
8.869434717358676608e+02
8.899449724862429321e+02
8.929464732366182034e+02
8.959479739869930199e+02
8.989494747373682912e+02
9.019509754877435626e+02
9.049524762381188339e+02
9.079539769884941052e+02
9.109554777388693765e+02
9.139569784892441930e+02
9.169584792396194644e+02
9.199599799899947357e+02
9.229614807403700070e+02
9.259629814907452783e+02
9.289644822411200948e+02
9.319659829914953662e+02
9.349674837418706375e+02
9.379689844922459088e+02
9.409704852426211801e+02
9.439719859929959966e+02
9.469734867433712679e+02
9.499749874937465393e+02
9.529764882441218106e+02
9.559779889944970819e+02
9.589794897448723532e+02
9.619809904952471697e+02
9.649824912456224411e+02
9.679839919959977124e+02
9.709854927463729837e+02
9.739869934967482550e+02
9.769884942471230715e+02
9.799899949974983429e+02
9.829914957478736142e+02
9.859929964982488855e+02
9.889944972486241568e+02
9.919959979989994281e+02
9.949974987493742447e+02
9.979989994997495160e+02
1.001000500250124787e+03
1.004002001000500059e+03
1.007003501750875330e+03
1.010005002501250146e+03
1.013006503251625418e+03
1.016008004002000689e+03
1.019009504752375960e+03
1.022011005502751232e+03
1.025012506253126048e+03
1.028014007003501320e+03
1.031015507753876591e+03
1.034017008504251862e+03
1.037018509254627133e+03
1.040020010005002405e+03
1.043021510755377221e+03
1.046023011505752493e+03
1.049024512256127764e+03
1.052026013006503035e+03
1.055027513756878307e+03
1.058029014507253123e+03
1.061030515257628394e+03
1.064032016008003666e+03
1.067033516758378937e+03
1.070035017508754208e+03
1.073036518259129480e+03
1.076038019009504296e+03
1.079039519759879568e+03
1.082041020510254839e+03
1.085042521260630110e+03
1.088044022011005382e+03
1.091045522761380198e+03
1.094047023511755469e+03
1.097048524262130741e+03
1.100050025012506012e+03
1.103051525762881283e+03
1.106053026513256555e+03
1.109054527263631826e+03
1.112056028014007097e+03
1.115057528764381459e+03
1.118059029514756730e+03
1.121060530265132002e+03
1.124062031015507273e+03
1.127063531765882544e+03
1.130065032516257816e+03
1.133066533266633087e+03
1.136068034017008358e+03
1.139069534767383630e+03
1.142071035517758901e+03
1.145072536268134172e+03
1.148074037018508534e+03
1.151075537768883805e+03
1.154077038519259077e+03
1.157078539269634348e+03
1.160080040020009619e+03
1.163081540770384890e+03
1.166083041520760162e+03
1.169084542271135433e+03
1.172086043021510704e+03
1.175087543771885976e+03
1.178089044522261247e+03
1.181090545272635609e+03
1.184092046023010880e+03
1.187093546773386151e+03
1.190095047523761423e+03
1.193096548274136694e+03
1.196098049024511965e+03
1.199099549774887237e+03
1.202101050525262508e+03
1.205102551275637779e+03
1.208104052026013051e+03
1.211105552776388322e+03
1.214107053526762684e+03
1.217108554277137955e+03
1.220110055027513226e+03
1.223111555777888498e+03
1.226113056528263769e+03
1.229114557278639040e+03
1.232116058029014312e+03
1.235117558779389583e+03
1.238119059529764854e+03
1.241120560280140126e+03
1.244122061030515397e+03
1.247123561780889759e+03
1.250125062531265030e+03
1.253126563281640301e+03
1.256128064032015573e+03
1.259129564782390844e+03
1.262131065532766115e+03
1.265132566283141387e+03
1.268134067033516658e+03
1.271135567783891929e+03
1.274137068534267200e+03
1.277138569284641562e+03
1.280140070035016834e+03
1.283141570785392105e+03
1.286143071535767376e+03
1.289144572286142647e+03
1.292146073036517919e+03
1.295147573786893190e+03
1.298149074537268461e+03
1.301150575287643733e+03
1.304152076038019004e+03
1.307153576788394275e+03
1.310155077538768637e+03
1.313156578289143908e+03
1.316158079039519180e+03
1.319159579789894451e+03
1.322161080540269722e+03
1.325162581290644994e+03
1.328164082041020265e+03
1.331165582791395536e+03
1.334167083541770808e+03
1.337168584292146079e+03
1.340170085042521350e+03
1.343171585792895712e+03
1.346173086543270983e+03
1.349174587293646255e+03
1.352176088044021526e+03
1.355177588794396797e+03
1.358179089544772069e+03
1.361180590295147340e+03
1.364182091045522611e+03
1.367183591795897883e+03
1.370185092546273154e+03
1.373186593296648425e+03
1.376188094047022787e+03
1.379189594797398058e+03
1.382191095547773330e+03
1.385192596298148601e+03
1.388194097048523872e+03
1.391195597798899144e+03
1.394197098549274415e+03
1.397198599299649686e+03
1.400200100050024957e+03
1.403201600800400229e+03
1.406203101550775500e+03
1.409204602301149862e+03
1.412206103051525133e+03
1.415207603801900405e+03
1.418209104552275676e+03
1.421210605302650947e+03
1.424212106053026218e+03
1.427213606803401490e+03
1.430215107553776761e+03
1.433216608304152032e+03
1.436218109054527304e+03
1.439219609804902575e+03
1.442221110555276937e+03
1.445222611305652208e+03
1.448224112056027479e+03
1.451225612806402751e+03
1.454227113556778022e+03
1.457228614307153293e+03
1.460230115057528565e+03
1.463231615807903836e+03
1.466233116558279107e+03
1.469234617308654379e+03
1.472236118059028740e+03
1.475237618809404012e+03
1.478239119559779283e+03
1.481240620310154554e+03
1.484242121060529826e+03
1.487243621810905097e+03
1.490245122561280368e+03
1.493246623311655640e+03
1.496248124062030911e+03
1.499249624812406182e+03
1.502251125562781453e+03
1.505252626313155815e+03
1.508254127063531087e+03
1.511255627813906358e+03
1.514257128564281629e+03
1.517258629314656901e+03
1.520260130065032172e+03
1.523261630815407443e+03
1.526263131565782714e+03
1.529264632316157986e+03
1.532266133066533257e+03
1.535267633816908528e+03
1.538269134567282890e+03
1.541270635317658162e+03
1.544272136068033433e+03
1.547273636818408704e+03
1.550275137568783975e+03
1.553276638319159247e+03
1.556278139069534518e+03
1.559279639819909789e+03
1.562281140570285061e+03
1.565282641320660332e+03
1.568284142071035603e+03
1.571285642821409965e+03
1.574287143571785236e+03
1.577288644322160508e+03
1.580290145072535779e+03
1.583291645822911050e+03
1.586293146573286322e+03
1.589294647323661593e+03
1.592296148074036864e+03
1.595297648824412136e+03
1.598299149574787407e+03
1.601300650325162678e+03
1.604302151075537040e+03
1.607303651825912311e+03
1.610305152576287583e+03
1.613306653326662854e+03
1.616308154077038125e+03
1.619309654827413397e+03
1.622311155577788668e+03
1.625312656328163939e+03
1.628314157078539210e+03
1.631315657828914482e+03
1.634317158579289753e+03
1.637318659329664115e+03
1.640320160080039386e+03
1.643321660830414658e+03
1.646323161580789929e+03
1.649324662331165200e+03
1.652326163081540471e+03
1.655327663831915743e+03
1.658329164582291014e+03
1.661330665332666285e+03
1.664332166083041557e+03
1.667333666833415919e+03
1.670335167583791190e+03
1.673336668334166461e+03
1.676338169084541732e+03
1.679339669834917004e+03
1.682341170585292275e+03
1.685342671335667546e+03
1.688344172086042818e+03
1.691345672836418089e+03
1.694347173586793360e+03
1.697348674337168632e+03
1.700350175087542993e+03
1.703351675837918265e+03
1.706353176588293536e+03
1.709354677338668807e+03
1.712356178089044079e+03
1.715357678839419350e+03
1.718359179589794621e+03
1.721360680340169893e+03
1.724362181090545164e+03
1.727363681840920435e+03
1.730365182591295707e+03
1.733366683341670068e+03
1.736368184092045340e+03
1.739369684842420611e+03
1.742371185592795882e+03
1.745372686343171154e+03
1.748374187093546425e+03
1.751375687843921696e+03
1.754377188594296967e+03
1.757378689344672239e+03
1.760380190095047510e+03
1.763381690845422781e+03
1.766383191595797143e+03
1.769384692346172415e+03
1.772386193096547686e+03
1.775387693846922957e+03
1.778389194597298228e+03
1.781390695347673500e+03
1.784392196098048771e+03
1.787393696848424042e+03
1.790395197598799314e+03
1.793396698349174585e+03
1.796398199099549856e+03
1.799399699849924218e+03
1.802401200600299489e+03
1.805402701350674761e+03
1.808404202101050032e+03
1.811405702851425303e+03
1.814407203601800575e+03
1.817408704352175846e+03
1.820410205102551117e+03
1.823411705852926389e+03
1.826413206603301660e+03
1.829414707353676931e+03
1.832416208104051293e+03
1.835417708854426564e+03
1.838419209604801836e+03
1.841420710355177107e+03
1.844422211105552378e+03
1.847423711855927650e+03
1.850425212606302921e+03
1.853426713356678192e+03
1.856428214107053464e+03
1.859429714857428735e+03
1.862431215607803097e+03
1.865432716358178368e+03
1.868434217108553639e+03
1.871435717858928911e+03
1.874437218609304182e+03
1.877438719359679453e+03
1.880440220110054725e+03
1.883441720860429996e+03
1.886443221610805267e+03
1.889444722361180538e+03
1.892446223111555810e+03
1.895447723861930172e+03
1.898449224612305443e+03
1.901450725362680714e+03
1.904452226113055985e+03
1.907453726863431257e+03
1.910455227613806528e+03
1.913456728364181799e+03
1.916458229114557071e+03
1.919459729864932342e+03
1.922461230615307613e+03
1.925462731365682885e+03
1.928464232116057246e+03
1.931465732866432518e+03
1.934467233616807789e+03
1.937468734367183060e+03
1.940470235117558332e+03
1.943471735867933603e+03
1.946473236618308874e+03
1.949474737368684146e+03
1.952476238119059417e+03
1.955477738869434688e+03
1.958479239619809960e+03
1.961480740370184321e+03
1.964482241120559593e+03
1.967483741870934864e+03
1.970485242621310135e+03
1.973486743371685407e+03
1.976488244122060678e+03
1.979489744872435949e+03
1.982491245622811221e+03
1.985492746373186492e+03
1.988494247123561763e+03
1.991495747873937034e+03
1.994497248624311396e+03
1.997498749374686668e+03
2.000500250125061939e+03
2.003501750875437210e+03
2.006503251625812482e+03
2.009504752376187753e+03
2.012506253126563024e+03
2.015507753876938295e+03
2.018509254627313567e+03
2.021510755377688838e+03
2.024512256128064109e+03
2.027513756878438471e+03
2.030515257628813742e+03
2.033516758379189014e+03
2.036518259129564285e+03
2.039519759879939556e+03
2.042521260630314828e+03
2.045522761380690099e+03
2.048524262131065370e+03
2.051525762881440642e+03
2.054527263631815913e+03
2.057528764382190275e+03
2.060530265132565546e+03
2.063531765882940817e+03
2.066533266633316089e+03
2.069534767383691360e+03
2.072536268134066631e+03
2.075537768884441903e+03
2.078539269634817174e+03
2.081540770385192445e+03
2.084542271135567717e+03
2.087543771885942988e+03
2.090545272636317350e+03
2.093546773386692621e+03
2.096548274137067892e+03
2.099549774887443164e+03
2.102551275637818435e+03
2.105552776388193706e+03
2.108554277138568978e+03
2.111555777888944249e+03
2.114557278639319520e+03
2.117558779389694791e+03
2.120560280140070063e+03
2.123561780890444425e+03
2.126563281640819696e+03
2.129564782391194967e+03
2.132566283141570239e+03
2.135567783891945510e+03
2.138569284642320781e+03
2.141570785392696052e+03
2.144572286143071324e+03
2.147573786893446595e+03
2.150575287643821866e+03
2.153576788394197138e+03
2.156578289144571499e+03
2.159579789894946771e+03
2.162581290645322042e+03
2.165582791395697313e+03
2.168584292146072585e+03
2.171585792896447856e+03
2.174587293646823127e+03
2.177588794397198399e+03
2.180590295147573670e+03
2.183591795897948941e+03
2.186593296648324213e+03
2.189594797398698574e+03
2.192596298149073846e+03
2.195597798899449117e+03
2.198599299649824388e+03
2.201600800400199660e+03
2.204602301150574931e+03
2.207603801900950202e+03
2.210605302651325474e+03
2.213606803401700745e+03
2.216608304152076016e+03
2.219609804902451287e+03
2.222611305652825649e+03
2.225612806403200921e+03
2.228614307153576192e+03
2.231615807903951463e+03
2.234617308654326735e+03
2.237618809404702006e+03
2.240620310155077277e+03
2.243621810905452548e+03
2.246623311655827820e+03
2.249624812406203091e+03
2.252626313156578362e+03
2.255627813906952724e+03
2.258629314657327996e+03
2.261630815407703267e+03
2.264632316158078538e+03
2.267633816908453809e+03
2.270635317658829081e+03
2.273636818409204352e+03
2.276638319159579623e+03
2.279639819909954895e+03
2.282641320660330166e+03
2.285642821410704528e+03
2.288644322161079799e+03
2.291645822911455070e+03
2.294647323661830342e+03
2.297648824412205613e+03
2.300650325162580884e+03
2.303651825912956156e+03
2.306653326663331427e+03
2.309654827413706698e+03
2.312656328164081970e+03
2.315657828914457241e+03
2.318659329664831603e+03
2.321660830415206874e+03
2.324662331165582145e+03
2.327663831915957417e+03
2.330665332666332688e+03
2.333666833416707959e+03
2.336668334167083231e+03
2.339669834917458502e+03
2.342671335667833773e+03
2.345672836418209044e+03
2.348674337168584316e+03
2.351675837918958678e+03
2.354677338669333949e+03
2.357678839419709220e+03
2.360680340170084492e+03
2.363681840920459763e+03
2.366683341670835034e+03
2.369684842421210305e+03
2.372686343171585577e+03
2.375687843921960848e+03
2.378689344672336119e+03
2.381690845422711391e+03
2.384692346173085753e+03
2.387693846923461024e+03
2.390695347673836295e+03
2.393696848424211566e+03
2.396698349174586838e+03
2.399699849924962109e+03
2.402701350675337380e+03
2.405702851425712652e+03
2.408704352176087923e+03
2.411705852926463194e+03
2.414707353676838466e+03
2.417708854427212827e+03
2.420710355177588099e+03
2.423711855927963370e+03
2.426713356678338641e+03
2.429714857428713913e+03
2.432716358179089184e+03
2.435717858929464455e+03
2.438719359679839727e+03
2.441720860430214998e+03
2.444722361180590269e+03
2.447723861930965541e+03
2.450725362681339902e+03
2.453726863431715174e+03
2.456728364182090445e+03
2.459729864932465716e+03
2.462731365682840988e+03
2.465732866433216259e+03
2.468734367183591530e+03
2.471735867933966802e+03
2.474737368684342073e+03
2.477738869434717344e+03
2.480740370185091706e+03
2.483741870935466977e+03
2.486743371685842249e+03
2.489744872436217520e+03
2.492746373186592791e+03
2.495747873936968062e+03
2.498749374687343334e+03
2.501750875437718605e+03
2.504752376188093876e+03
2.507753876938469148e+03
2.510755377688844419e+03
2.513756878439218781e+03
2.516758379189594052e+03
2.519759879939969323e+03
2.522761380690344595e+03
2.525762881440719866e+03
2.528764382191095137e+03
2.531765882941470409e+03
2.534767383691845680e+03
2.537768884442220951e+03
2.540770385192596223e+03
2.543771885942971494e+03
2.546773386693345856e+03
2.549774887443721127e+03
2.552776388194096398e+03
2.555777888944471670e+03
2.558779389694846941e+03
2.561780890445222212e+03
2.564782391195597484e+03
2.567783891945972755e+03
2.570785392696348026e+03
2.573786893446723298e+03
2.576788394197098569e+03
2.579789894947472931e+03
2.582791395697848202e+03
2.585792896448223473e+03
2.588794397198598745e+03
2.591795897948974016e+03
2.594797398699349287e+03
2.597798899449724559e+03
2.600800400200099830e+03
2.603801900950475101e+03
2.606803401700850372e+03
2.609804902451225644e+03
2.612806403201600006e+03
2.615807903951975277e+03
2.618809404702350548e+03
2.621810905452725819e+03
2.624812406203101091e+03
2.627813906953476362e+03
2.630815407703851633e+03
2.633816908454226905e+03
2.636818409204602176e+03
2.639819909954977447e+03
2.642821410705352719e+03
2.645822911455727080e+03
2.648824412206102352e+03
2.651825912956477623e+03
2.654827413706852894e+03
2.657828914457228166e+03
2.660830415207603437e+03
2.663831915957978708e+03
2.666833416708353980e+03
2.669834917458729251e+03
2.672836418209104522e+03
2.675837918959478884e+03
2.678839419709854155e+03
2.681840920460229427e+03
2.684842421210604698e+03
2.687843921960979969e+03
2.690845422711355241e+03
2.693846923461730512e+03
2.696848424212105783e+03
2.699849924962481055e+03
2.702851425712856326e+03
2.705852926463231597e+03
2.708854427213605959e+03
2.711855927963981230e+03
2.714857428714356502e+03
2.717858929464731773e+03
2.720860430215107044e+03
2.723861930965482316e+03
2.726863431715857587e+03
2.729864932466232858e+03
2.732866433216608129e+03
2.735867933966983401e+03
2.738869434717358672e+03
2.741870935467733034e+03
2.744872436218108305e+03
2.747873936968483576e+03
2.750875437718858848e+03
2.753876938469234119e+03
2.756878439219609390e+03
2.759879939969984662e+03
2.762881440720359933e+03
2.765882941470735204e+03
2.768884442221110476e+03
2.771885942971485747e+03
2.774887443721860109e+03
2.777888944472235380e+03
2.780890445222610651e+03
2.783891945972985923e+03
2.786893446723361194e+03
2.789894947473736465e+03
2.792896448224111737e+03
2.795897948974487008e+03
2.798899449724862279e+03
2.801900950475237551e+03
2.804902451225612822e+03
2.807903951975987184e+03
2.810905452726362455e+03
2.813906953476737726e+03
2.816908454227112998e+03
2.819909954977488269e+03
2.822911455727863540e+03
2.825912956478238812e+03
2.828914457228614083e+03
2.831915957978989354e+03
2.834917458729364625e+03
2.837918959479739897e+03
2.840920460230114259e+03
2.843921960980489530e+03
2.846923461730864801e+03
2.849924962481240073e+03
2.852926463231615344e+03
2.855927963981990615e+03
2.858929464732365886e+03
2.861930965482741158e+03
2.864932466233116429e+03
2.867933966983491700e+03
2.870935467733866062e+03
2.873936968484241333e+03
2.876938469234616605e+03
2.879939969984991876e+03
2.882941470735367147e+03
2.885942971485742419e+03
2.888944472236117690e+03
2.891945972986492961e+03
2.894947473736868233e+03
2.897948974487243504e+03
2.900950475237618775e+03
2.903951975987993137e+03
2.906953476738368408e+03
2.909954977488743680e+03
2.912956478239118951e+03
2.915957978989494222e+03
2.918959479739869494e+03
2.921960980490244765e+03
2.924962481240620036e+03
2.927963981990995308e+03
2.930965482741370579e+03
2.933966983491745850e+03
2.936968484242120212e+03
2.939969984992495483e+03
2.942971485742870755e+03
2.945972986493246026e+03
2.948974487243621297e+03
2.951975987993996569e+03
2.954977488744371840e+03
2.957978989494747111e+03
2.960980490245122382e+03
2.963981990995497654e+03
2.966983491745872925e+03
2.969984992496247287e+03
2.972986493246622558e+03
2.975987993996997830e+03
2.978989494747373101e+03
2.981990995497748372e+03
2.984992496248123643e+03
2.987993996998498915e+03
2.990995497748874186e+03
2.993996998499249457e+03
2.996998499249624729e+03
3.000000000000000000e+03
