Ug = [
[ 0.0,3.71517408,-5.80214265e-05,-1.57686816e-10,-3.5748725e-15 ],
[ 1880.20216,-0.095756544,3.87217711e-07 ],
[ -32.0121,0.001087167,2.84009761e-08 ],
[ 0.395186 ],
[ -0.004802 ],
]

Dg = [
[ 0.0,-1.4432,0.0,0.0,0.0 ],
[ -1.2238,0.0,0.0 ],
[ 0.0,0.0,0.0 ],
[ 0.0 ],
[ 0.0 ],
]

Ue = [
[ 38252.886173254905,3.7370197228719206 ],
[ 1769.52578193358,-0.15967707161304528 ],
[ -92.08456178158265 ],
]

De = [
[ 0.0,0.0 ],
[ 0.0,0.0 ],
[ 0.0 ],
]

Yg35 = [
[ 0.0,0.24393004504986757,-2.501383745168216e-07,-4.463579413845085e-14,-6.6442260497345e-20 ],
[ 481.77492189785727,-0.001611062557134772,4.277550199491563e-10 ],
[ -2.10189068500168,4.6869269270435704e-06,8.039353921196955e-12 ],
[ 0.006648834023331732 ],
[ -2.0702084503726868e-05 ],
]

Ye35 = [
[ 38252.886173254905,0.2453699365293764 ],
[ 453.4243874807096,-0.0026864978680590733 ],
[ -6.046203861701366 ],
]

Yg37 = [
[ 0.0,0.23819081668434658,-2.3850566335751633e-07,-4.155859195177554e-14,-6.04061483270154e-20 ],
[ 476.07374724576806,-0.0015545374310997893,4.030352953516836e-10 ],
[ -2.0524345263206625,4.4689609021488116e-06,7.485118963731435e-12 ],
[ 0.006415555570244904 ],
[ -1.9739331907718495e-05 ],
]

Ye37 = [
[ 38252.886173254905,0.23959653708327802 ],
[ 448.05823951076366,-0.002592240429133287 ],
[ -5.903940508171235 ],
]

