1.145242482349591500e+15 1.758613971748737754e-04
1.145242531329183250e+15 -6.889574455492420834e-05
1.145242580308775250e+15 5.034886626683507225e-05
1.145242629288367250e+15 -4.819105771254212229e-05
1.145242678267959000e+15 -9.643349181923398282e-05
1.145242727247551000e+15 -1.335272483954124312e-04
1.145242776227142750e+15 -1.778137001525672710e-04
1.145242825206734250e+15 -1.556704742739899053e-04
1.145242874186326000e+15 -9.011419533880474068e-05
1.145242923165918000e+15 8.590133101851850697e-05
1.145242972145510000e+15 1.163161563552188136e-04
1.145243021125102000e+15 4.849931607744099220e-05
1.145243070104694000e+15 4.197451402041243117e-05
1.145243119084285250e+15 -3.308639783249155386e-05
1.145243168063876750e+15 -5.651403356481497261e-06
1.145243217043468000e+15 1.997000440603955524e-04
1.145243266023060000e+15 2.679792718855218583e-04
1.145243315002652000e+15 4.604352443707911591e-04
1.145243363982244000e+15 4.426590119949494993e-04
1.145243412961836000e+15 6.238121777672558411e-04
1.145243461941428000e+15 8.189910991424661883e-04
1.145243510921020000e+15 9.899203624789559581e-04
1.145243559900612000e+15 1.375037813026094109e-03
1.145243608880204000e+15 1.599604031855008561e-03
1.145243657859796000e+15 1.742276278409090988e-03
1.145243706839388000e+15 1.741659761679292774e-03
1.145243755818980000e+15 1.776544333307028154e-03
1.145243804798572000e+15 1.781938854692760631e-03
1.145243853778164000e+15 1.561174489030934696e-03
1.145243902757756000e+15 1.221422394518097880e-03
1.145243951737346750e+15 9.888414582018094628e-04
1.145244000716937250e+15 6.531994752209587538e-04
1.145244049696528000e+15 5.230116924452854477e-04
1.145244098676120000e+15 3.482805759417080820e-04
1.145244147655712000e+15 3.519796763204960659e-04
1.145244196635304000e+15 2.705480915930133512e-04
1.145244245614896000e+15 2.412121705334599464e-04
1.145244294594488000e+15 2.529259883996212992e-04
1.145244343574080000e+15 1.830027159617000356e-04
1.145244392553672000e+15 9.484082360058931904e-05
1.145244441533264000e+15 1.460630885679719269e-04
1.145244490512856000e+15 1.644044612794613172e-04
1.145244539492448000e+15 6.982051964962131274e-05
1.145244588472040000e+15 -1.454979482323227327e-04
1.145244637451632000e+15 -2.285735775726001340e-04
1.145244686431224000e+15 -2.038615319865320072e-04
1.145244735410816000e+15 -1.709806397306399552e-04
1.145244784390408000e+15 -1.121546684290826434e-04
1.145264109349592000e+15 8.918942024410766339e-05
1.145264158329184000e+15 -1.089179555976435675e-05
1.145264207308775750e+15 -8.733987005471447653e-07
1.145264256288367250e+15 -3.735063854692753258e-05
1.145264305267959000e+15 -2.733224168771037767e-05
1.145264354247551000e+15 -7.655082728324880980e-06
1.145264403227142750e+15 7.706459122474731030e-06
1.145264452206734250e+15 2.620196101641398403e-06
1.145264501186326000e+15 1.253584017255893495e-05
1.145264550165918000e+15 8.338388770517680655e-05
1.145264599145510000e+15 9.427568326494115483e-05
1.145264648125102000e+15 5.831220736005900780e-05
1.145264697104694000e+15 1.371749723800509648e-05
1.145264746084286000e+15 7.079667113846803341e-05
1.145264795063877250e+15 1.619897707544192694e-04
1.145264844043468750e+15 1.689769603587964097e-04
1.145264893023060000e+15 2.748637087015994409e-04
1.145264942002652000e+15 2.166542541298400722e-04
1.145264990982244000e+15 1.705182521832912404e-04
1.145265039961836000e+15 1.523823850484006676e-04
1.145265088941428000e+15 2.378727049137204419e-04
1.145265137921020000e+15 4.711215343539562291e-04
1.145265186900612000e+15 5.428429805871211366e-04
1.145265235880204000e+15 6.344470913562709697e-04
1.145265284859796000e+15 7.564146510679713034e-04
1.145265333839388000e+15 8.679528027672557327e-04
1.145265382818980000e+15 7.873946167403196930e-04
1.145265431798572000e+15 6.032616201073230308e-04
1.145265480778164000e+15 4.787766170822813083e-04
1.145265529757754750e+15 4.513929990004209654e-04
1.145265578737345250e+15 2.904307561289983311e-04
1.145265627716936000e+15 1.965147076231060080e-04
1.145265676696528000e+15 2.659242161195286423e-04
1.145265725676120000e+15 2.794875841750840413e-04
1.145265774655712000e+15 1.251015197548400180e-04
1.145265823635304000e+15 -3.889193037142265463e-05
1.145265872614896000e+15 -1.004922269570706765e-04
1.145265921594488000e+15 -6.714894715382999102e-05
1.145265970574080000e+15 -7.372512560500862910e-05
1.145266019553672000e+15 4.690664785879603704e-05
1.145266068533264000e+15 1.616815123895200268e-04
1.145266117512856000e+15 7.922239977904063635e-05
1.145266166492448000e+15 -4.675251867634090494e-06
1.145266215472040000e+15 -7.223521017466275063e-05
1.145266264451632000e+15 -1.428263757365273723e-05
1.145266313431224000e+15 -1.412850839120338189e-05
1.145266362410816000e+15 -4.058735137836670850e-06
1.145266411390408000e+15 4.947546756628798392e-05
1.145257107349592000e+15 -8.266461818707919722e-05
1.145257156329184000e+15 -8.934354942655728469e-05
1.145257205308775750e+15 -2.332488294402357059e-04
1.145257254288367250e+15 -2.600673071864477762e-04
1.145257303267959000e+15 -1.558246034564394046e-04
1.145257352247551000e+15 -1.906064222958761287e-05
1.145257401227142750e+15 -4.875619804819024584e-05
1.145257450206734250e+15 -8.492517952967163723e-05
1.145257499186326000e+15 -5.307181515677594248e-05
1.145257548165918000e+15 5.291768597432665999e-05
1.145257597145510000e+15 -9.114172322180133512e-05
1.145257646125102000e+15 -1.332703664246633198e-04
1.145257695104694000e+15 -1.797146267361110961e-04
1.145257744084286000e+15 -8.579857823021884075e-05
1.145257793063877250e+15 -5.574338765256733197e-05
1.145257842043468750e+15 1.120005392466332830e-05
1.145257891023060000e+15 1.770430542403198285e-04
1.145257940002652000e+15 2.061734697232744159e-04
1.145257988982244000e+15 9.936194628577434812e-05
1.145258037961836000e+15 1.475530039983165721e-04
1.145258086941428000e+15 1.914798209964226614e-04
1.145258135921020000e+15 4.729197081492004964e-04
1.145258184900612000e+15 3.948789654356061707e-04
1.145258233880204000e+15 4.045377275357744159e-04
1.145258282859796000e+15 3.222841205018939378e-04
1.145258331839388000e+15 2.950032552083333153e-04
1.145258380818980000e+15 2.544159038299664052e-04
1.145258429798572000e+15 2.012927122790404873e-04
1.145258478778164000e+15 1.847495133627947408e-04
1.145258527757754750e+15 2.454250348537458278e-04
1.145258576737345250e+15 1.717512856428871808e-04
1.145258625716936000e+15 1.983128814183500856e-04
1.145258674696528000e+15 1.367639612268518358e-04
1.145258723676120000e+15 5.677091553556399417e-05
1.145258772655712000e+15 8.733987005471383405e-05
1.145258821635304000e+15 1.020848951757155030e-04
1.145258870614896000e+15 3.200749355534516019e-05
1.145258919594488000e+15 -5.127364136153200047e-05
1.145258968574080000e+15 -6.740582912457915657e-05
1.145259017553672000e+15 -2.435241082702031479e-05
1.145259066533264000e+15 3.596347590488216736e-05
1.145259115512856000e+15 4.135799729061449484e-05
1.145259164492448000e+15 1.142611005892256519e-04
1.145259213472040000e+15 -2.106432160143157512e-06
1.145259262451632000e+15 -1.983128814183500110e-05
1.145259311431224000e+15 -2.162946193707915995e-05
1.145259360410816000e+15 2.697260692866166110e-05
1.145259409390408000e+15 -1.911201862373733756e-05
1.145271573349592000e+15 -1.825917048085017502e-04
1.145271622329184000e+15 1.029582938762626116e-04
1.145271671308775750e+15 1.729329427083332611e-04
1.145271720288367250e+15 1.197583747632575778e-04
1.145271769267959000e+15 6.699481797138046458e-05
1.145271818247551000e+15 3.226437552609426475e-05
1.145271867227142750e+15 6.971776686132152455e-05
1.145271916206734250e+15 1.092262139625420884e-04
1.145271965186326000e+15 6.442599826388889039e-05
1.145272014165918000e+15 2.157808554292929635e-06
1.145272063145510000e+15 -1.275675866740320615e-04
1.145272112125102000e+15 -2.086395366424664052e-04
1.145272161104694000e+15 -2.016009706439394859e-04
1.145272210084286000e+15 -1.801256378893097880e-04
1.145272259063877250e+15 -9.350503735269365818e-05
1.145272308043468750e+15 -2.512305673926770302e-05
1.145272357023060000e+15 -4.104973892571549618e-05
1.145272406002652000e+15 3.241850470854382507e-05
1.145272454982244000e+15 5.784981981271047593e-05
1.145272503961836000e+15 1.335272483954124854e-04
1.145272552941428000e+15 1.292630076809764457e-04
1.145272601921020000e+15 2.076633851536195761e-04
1.145272650900612000e+15 3.321997645728115111e-04
1.145272699880204000e+15 4.645453559027776995e-04
1.145272748859796000e+15 4.671141756102691923e-04
1.145272797839388000e+15 3.974991615372472798e-04
1.145272846818980000e+15 4.244203920717591789e-04
1.145272895798572000e+15 3.842954282407406584e-04
1.145272944778164000e+15 5.016904888731061165e-04
1.145272993757754750e+15 4.061303957544191881e-04
1.145273042737345250e+15 2.996785070759680199e-04
1.145273091716936000e+15 1.197069983691076769e-04
1.145273140696528000e+15 -5.846633654250848680e-05
1.145273189676120000e+15 -6.591591369423399638e-05
1.145273238655712000e+15 -3.447356047453700717e-05
1.145273287635304000e+15 6.560765532933514679e-05
1.145273336614896000e+15 5.964799360795464833e-05
1.145273385594488000e+15 -1.695421006944348000e-06
1.145273434574080000e+15 6.678931239478304305e-07
1.145273483553672000e+15 1.988266453598483421e-05
1.145273532533264000e+15 2.013954650673399976e-05
1.145273581512856000e+15 -1.239198626893939920e-04
1.145273630492448000e+15 -2.018064762205386828e-04
1.145273679472040000e+15 -1.890137540772306721e-04
1.145273728451632000e+15 -6.504251499368683351e-05
1.145273777431224000e+15 5.898010048400667560e-05
1.145273826410816000e+15 6.581316090593433016e-05
1.145273875390408000e+15 -2.275974260837548838e-05
1.145285973349592000e+15 -5.230116924452859491e-05
1.145286022329184000e+15 1.628631694549659105e-05
1.145286071308775750e+15 3.144235321969689434e-05
1.145286120288367250e+15 8.477105034722217855e-05
1.145286169267959000e+15 1.171381786616155098e-05
1.145286218247551000e+15 -6.211406052714650886e-05
1.145286267227142750e+15 -4.007358743686932608e-06
1.145286316206734250e+15 7.079667113846801986e-05
1.145286365186326000e+15 1.000298394097222328e-04
1.145286414165918000e+15 -4.202589041456229139e-05
1.145286463145510000e+15 -1.536154185079969333e-05
1.145286512125102000e+15 -1.067087706492003744e-04
1.145286561104694000e+15 -4.120386810816496840e-05
1.145286610084286000e+15 -1.277217158564814524e-04
1.145286659063877250e+15 -1.150831228956228597e-04
1.145286708043468750e+15 -1.018793895991161705e-04
1.145286757023060000e+15 -4.726628261784519915e-06
1.145286806002652000e+15 1.584961759522306179e-04
1.145286854982244000e+15 2.822105330650253045e-04
1.145286903961836000e+15 4.210809264520202436e-04
1.145286952941428000e+15 4.018661550399832568e-04
1.145287001921020000e+15 4.500572127525253045e-04
1.145287050900612000e+15 4.799582741477274156e-04
1.145287099880204000e+15 7.452145971433080107e-04
1.145287148859796000e+15 7.706972886416244744e-04
1.145287197839388000e+15 7.901175656302607394e-04
1.145287246818980000e+15 5.215217770149410464e-04
1.145287295798572000e+15 4.811913076073230308e-04
1.145287344778164000e+15 3.872238827072810373e-04
1.145287393757754750e+15 3.759210759943180241e-04
1.145287442737345250e+15 2.530287411879209654e-04
1.145287491716936000e+15 1.827458339909513038e-04
1.145287540696528000e+15 1.197069983691079615e-04
1.145287589676120000e+15 1.785329696706649887e-04
1.145287638655712000e+15 3.241850470854368277e-05
1.145287687635304000e+15 5.784981981271034718e-05
1.145287736614896000e+15 -2.347901212647300961e-05
1.145287785594488000e+15 9.191236913404898085e-05
1.145287834574080000e+15 1.427749993423823097e-04
1.145287883553672000e+15 1.963605784406566442e-04
1.145287932533264000e+15 7.357099642255899425e-05
1.145287981512856000e+15 -1.597805858059766354e-05
1.145288030492448000e+15 -1.075307929555976635e-04
1.145288079472040000e+15 -3.663136902882999779e-05
1.145288128451632000e+15 -1.888082485006313397e-04
1.145288177431224000e+15 -1.312666870528199912e-04
1.145288226410816000e+15 -5.990487557870367158e-05
1.145288275390408000e+15 7.896551780829132172e-05
1.145300334349592000e+15 2.496892755681814948e-05
1.145300383329184000e+15 1.495053069760100303e-05
1.145300432308775750e+15 -4.207726680871213127e-05
1.145300481288367250e+15 -1.614246304187710239e-04
1.145300530267959000e+15 -1.659457531039562020e-04
1.145300579247551000e+15 -8.692885890151512852e-05
1.145300628227142750e+15 -1.161620271727693685e-04
1.145300677206734250e+15 -2.353038852062291388e-05
1.145300726186326000e+15 6.540214975273569238e-05
1.145300775165918000e+15 1.645072140677609292e-04
1.145300824145510000e+15 1.093289667508417682e-04
1.145300873125102000e+15 9.766652527882996391e-05
1.145300922104694000e+15 7.110492950336701852e-05
1.145300971084286000e+15 -4.742041180029460531e-05
1.145301020063877250e+15 -1.336300011837120974e-04
1.145301069043468750e+15 -8.410315722327440233e-05
1.145301118023060000e+15 -2.774325284090910354e-05
1.145301167002652000e+15 -1.089693319917929500e-04
1.145301215982244000e+15 -1.682576908406986649e-04
1.145301264961836000e+15 -1.126170559764310195e-04
1.145301313941428000e+15 5.831220736005884517e-05
1.145301362921020000e+15 6.303883562184338287e-05
1.145301411900612000e+15 1.279272214330807848e-04
1.145301460880204000e+15 1.290061257102273072e-04
1.145301509859796000e+15 2.325295599221380695e-04
1.145301558839388000e+15 1.630686750315656563e-04
1.145301607818980000e+15 2.054028238110270005e-04
1.145301656798572000e+15 3.591723715014730808e-04
1.145301705778164000e+15 4.918262211963383762e-04
1.145301754757754750e+15 5.596944378682659630e-04
1.145301803737345250e+15 4.678848215225168516e-04
1.145301852716936000e+15 3.199208063710016689e-04
1.145301901696528000e+15 1.661512586805555074e-04
1.145301950676120000e+15 8.220223063973007921e-06
1.145301999655712000e+15 4.716352982954535167e-05
1.145302048635304000e+15 -8.631234217171818491e-06
1.145302097614896000e+15 -3.961119988952031817e-05
1.145302146594488000e+15 -1.393841573284933244e-04
1.145302195574080000e+15 -1.373804779566498331e-04
1.145302244553672000e+15 -8.199672506313132614e-05
1.145302293533264000e+15 3.678549821127949712e-05
1.145302342512856000e+15 3.735063854692766133e-05
1.145302391492448000e+15 2.265185218066078125e-04
1.145302440472040000e+15 1.441621619844276681e-04
1.145302489451632000e+15 2.084340310658669914e-04
1.145302538431224000e+15 3.118547124894783043e-05
1.145302587410816000e+15 6.103515625000000000e-05
1.145302636390408000e+15 4.361855863320715168e-05
1.145314692349592000e+15 -9.006281894465489402e-05
1.145314741329184000e+15 -7.254346853956230494e-05
1.145314790308775750e+15 9.915644070917510716e-06
1.145314839288367250e+15 -7.942790535563976550e-05
1.145314888267959000e+15 -1.003380977746212450e-04
1.145314937247551000e+15 -1.417474714593855661e-04
1.145314986227142750e+15 4.007358743686837740e-06
1.145315035206734250e+15 -6.088102706755053455e-05
1.145315084186326000e+15 8.343526409932658545e-05
1.145315133165918000e+15 7.059116556186868742e-05
1.145315182145510000e+15 1.744742345328282815e-04
1.145315231125102000e+15 1.205803970696548940e-04
1.145315280104694000e+15 1.647127196443602887e-04
1.145315329084286000e+15 2.486617476851855780e-05
1.145315378063877250e+15 -1.386135114162457464e-04
1.145315427043468750e+15 -2.979317096748736399e-04
1.145315476023060000e+15 -1.130280671296296742e-05
1.145315525002652000e+15 8.420591001157404145e-05
1.145315573982244000e+15 1.799201323127103743e-04
1.145315622961836000e+15 6.401498711069026617e-05
1.145315671941428000e+15 1.409768255471380695e-04
1.145315720921020000e+15 1.857256648516414073e-04
1.145315769900612000e+15 4.521122685185183579e-05
1.145315818880204000e+15 5.034886626683500449e-05
1.145315867859796000e+15 2.529259883996211908e-04
1.145315916839388000e+15 4.156864050662879297e-04
1.145315965818980000e+15 4.197965165982744701e-04
1.145316014798572000e+15 2.927940702598906542e-04
1.145316063778164000e+15 3.251098221801346504e-04
1.145316112757754750e+15 4.012496383101852595e-04
1.145316161737345250e+15 3.350254662510521696e-04
1.145316210716936000e+15 2.377699521254209925e-04
1.145316259696528000e+15 2.278543080545033378e-04
1.145316308676120000e+15 2.190689446548821741e-04
1.145316357655712000e+15 1.990835273305976635e-04
1.145316406635304000e+15 1.229950875946969960e-04
1.145316455614896000e+15 7.238933935711283272e-05
1.145316504594488000e+15 -5.091400660248316870e-05
1.145316553574080000e+15 -1.523823850484006676e-04
1.145316602553672000e+15 -2.341222281407828417e-04
1.145316651533264000e+15 -1.154427576546716779e-04
1.145316700512856000e+15 -4.490296848695283713e-05
1.145316749492448000e+15 5.070850102588383626e-05
1.145316798472040000e+15 7.824624829019350910e-05
1.145316847451632000e+15 6.560765532933499772e-05
1.145316896431224000e+15 4.048459859006733197e-05
1.145316945410816000e+15 1.952302977693600244e-05
1.145316994390408000e+15 -5.471585976957081884e-05
1.145329089349592000e+15 3.550108835753364904e-05
1.145329138329184000e+15 1.592668218644781146e-04
1.145329187308775750e+15 -4.603324915824911134e-05
1.145329236288367250e+15 -3.000381418350164179e-05
1.145329285267959000e+15 -1.946137810395622643e-04
1.145329334247551000e+15 2.363314130892254960e-05
1.145329383227142750e+15 -1.055271135837542400e-04
1.145329432206734250e+15 -8.713436447811450161e-05
1.145329481186326000e+15 -8.769950481376263872e-05
1.145329530165918000e+15 -1.453951954440235509e-05
1.145329579145510000e+15 6.129203822074915200e-05
1.145329628125102000e+15 5.286630958017675234e-05
1.145329677104694000e+15 4.171763204966327240e-05
1.145329726084286000e+15 7.305723248106059538e-05
1.145329775063877250e+15 2.969555581860265330e-05
1.145329824043468750e+15 9.607385706018484951e-06
1.145329873023060000e+15 -3.329190340909096084e-05
1.145329922002652000e+15 3.467906605113631928e-05
1.145329970982244000e+15 7.629394531249994579e-05
1.145330019961836000e+15 1.217620541351006253e-05
1.145330068941428000e+15 7.295447969276061915e-06
1.145330117921020000e+15 -1.335786247895629309e-06
1.145330166900612000e+15 9.268301504629631487e-05
1.145330215880204000e+15 1.149803701073232612e-04
1.145330264859796000e+15 2.278029316603535047e-04
1.145330313839388000e+15 3.239795415088382678e-04
1.145330362818980000e+15 4.262185658670031752e-04
1.145330411798572000e+15 4.274515993265991698e-04
1.145330460778164000e+15 4.368534794560185205e-04
1.145330509757754750e+15 4.240093809185605683e-04
1.145330558737345250e+15 4.306369357638888226e-04
1.145330607716936000e+15 2.807206176346800359e-04
1.145330656696528000e+15 1.280813506155301757e-04
1.145330705676120000e+15 -6.257644807449499330e-05
1.145330754655712000e+15 5.805532538930996592e-06
1.145330803635304000e+15 3.842954282407415664e-05
1.145330852614896000e+15 1.791494864004629861e-04
1.145330901594488000e+15 1.220703125000000000e-04
1.145330950574080000e+15 7.475265348800500670e-05
1.145330999553672000e+15 -3.848091921822384068e-05
1.145331048533264000e+15 -1.886541193181818404e-04
1.145331097512856000e+15 -1.870614510995370139e-04
1.145331146492448000e+15 -1.262831768202863150e-04
1.145331195472040000e+15 -5.117088857323233425e-05
1.145331244451632000e+15 6.678931239478015467e-06
1.145331293431224000e+15 4.551948521675083445e-05
1.145331342410816000e+15 1.095858487215908389e-04
1.145331391390408000e+15 9.961882825652351367e-05
1.145199593370000250e+15 -6.833060421927603057e-05
1.145199617370000250e+15 -1.959238790903829544e-04
1.145199641370000250e+15 -8.405178082912454212e-05
1.145199665370000000e+15 -3.162217059922133733e-05
1.145199689370000000e+15 -7.716734401304712221e-05
1.145199713370000250e+15 -1.161363389756944249e-04
1.145199737370000250e+15 -1.380483710805976093e-04
1.145199761370000250e+15 -8.477105034722173471e-06
1.145199785370000000e+15 7.372512560500845292e-05
1.145199809370000000e+15 5.086263020833333559e-05
1.145199833370000000e+15 -2.075606323653196320e-05
1.145199857370000000e+15 -1.299309008049242490e-04
1.145199881370000000e+15 -1.834137271148989716e-04
1.145199905370000750e+15 -1.068885880287247090e-04
1.145199929370000750e+15 -7.870863583754204775e-05
1.145199953370000750e+15 -7.544623480902775368e-05
1.145199977370000000e+15 -7.236365116003783484e-05
1.145200001370000000e+15 -1.944596518571125278e-05
1.145200025370000000e+15 7.585724596222641856e-05
1.145200049370000000e+15 1.438539036195283713e-05
1.145200073370000000e+15 -7.809211910774415885e-06
1.145200097370000000e+15 -2.774325284090915521e-06
1.145200121370000000e+15 2.371020590014725861e-05
1.145200145370000000e+15 1.292116312868265041e-04
1.145200169370000000e+15 2.366139832570496662e-04
1.145200193370000000e+15 2.752233434606481642e-04
1.145200217370000000e+15 3.354107892071758637e-04
1.145200241370000000e+15 2.630728262442129047e-04
1.145200265370000000e+15 2.164487485532406313e-04
1.145200289370001250e+15 1.233804105508207172e-04
1.145200313370001250e+15 1.119234746554082183e-04
1.145200337370001250e+15 1.659714413010311186e-04
1.145200361370000000e+15 1.876265914351851782e-04
1.145200385370000000e+15 1.044995857007575778e-04
1.145200409370000000e+15 1.315749454177188272e-04
1.145200433370000000e+15 6.285901824231900764e-05
1.145200457370000000e+15 2.001624316077440775e-04
1.145200481370000000e+15 1.347859700520833424e-04
1.145200505370000000e+15 1.235345397332702436e-04
1.145200529370000000e+15 -5.618008700284091340e-05
1.145200553370000000e+15 -1.649182252209599464e-05
1.145200577370000000e+15 3.103134206649825656e-05
1.145200601370000000e+15 7.071960654724332440e-05
1.145200625370000000e+15 5.661678635311456938e-05
1.145200649370000000e+15 1.939458879156156536e-05
1.145200673370000000e+15 -1.952302977693593129e-05
1.145200697370000000e+15 -1.291859430897515876e-04
1.145200721370000000e+15 -2.173221472537875502e-05
1.145200745370000000e+15 4.426076356007992325e-05
1.145184302370000000e+15 -1.652264835858585927e-04
1.145184332370000000e+15 -2.163459957649410193e-04
1.145184362370000000e+15 -1.440337209990530311e-04
1.145184392370000000e+15 -1.449841842908249437e-04
1.145184422370000000e+15 -1.443162911668772216e-04
1.145184452370000000e+15 -1.612705012363216601e-04
1.145184482370000000e+15 -1.307272349142466893e-04
1.145184512370000000e+15 -5.178740530303033157e-05
1.145184542370000000e+15 -5.407365484269783043e-05
1.145184572370000000e+15 -6.571040811763466394e-05
1.145184602370000000e+15 -1.560044208359637663e-04
1.145184632370000000e+15 -1.132078845091540054e-04
1.145184662370000000e+15 -1.826430812026516579e-05
1.145184692370000000e+15 4.364424683028192593e-05
1.145184722370000000e+15 -3.136528862847224632e-05
1.145184752370000000e+15 -1.302391591698225971e-05
1.145184782370000000e+15 -2.568819707490932877e-07
1.145184812370000000e+15 -1.140555950126258959e-05
1.145184842370000000e+15 -1.359419389204546416e-04
1.145184872370000000e+15 -1.027014119055135680e-04
1.145184902370000000e+15 -1.975422355061032598e-05
1.145184932370000000e+15 5.525531190814399196e-05
1.145184962370000000e+15 -7.436733053188125837e-05
1.145184992370000000e+15 -8.577289003314399196e-05
1.145185022370000000e+15 -1.651237307975589807e-04
1.145185052370000000e+15 -1.180629537563131665e-04
1.145185082370000000e+15 -1.418245360506101803e-04
1.145185112370000000e+15 -1.215051721643516969e-05
1.145185142370000000e+15 -1.107675057870371495e-04
1.145185172370000000e+15 -8.058387422401113245e-05
1.145185202370000000e+15 -1.638650091408881508e-04
1.145185232370000000e+15 -3.203318175242000221e-05
1.145185262370000000e+15 -8.248480080755467292e-05
1.145185292370000000e+15 -9.746101970223065858e-05
1.145185322370000000e+15 -1.213253547848274877e-04
1.145185352370000000e+15 -8.464260936184766354e-05
1.145185382370000000e+15 -9.494357638888883618e-05
1.145185412370000000e+15 -1.004408505629208434e-04
1.145185442370000000e+15 -4.677820687342167111e-05
1.145185472370000000e+15 1.577255300399833110e-05
1.145185502370000000e+15 6.311590021306817319e-05
1.145185532370000000e+15 -1.541291824494993301e-07
1.145185562370000000e+15 -3.930294152462160920e-06
1.145185592370000000e+15 -8.990868976220504571e-06
1.145185622370000000e+15 1.649182252209599464e-05
1.145185652370000000e+15 3.313777422664163176e-06
1.145185682370000000e+15 1.050133496422558411e-04
1.145185712370000000e+15 1.948449748132363506e-04
1.145185742370000000e+15 2.696490046953913260e-04
1.145185772370000000e+15 2.576269284643308119e-04
1.145185802370000000e+15 2.596819842303241363e-04
1.145185832370000000e+15 2.380268340961700767e-04
1.145185862370000000e+15 2.207643656618266668e-04
1.145185892370000000e+15 1.882687963620581462e-04
1.145185922370000000e+15 2.281111900252525847e-04
1.145185952370000000e+15 2.240524548874157690e-04
1.145185982370000000e+15 2.763022477377946053e-04
1.145186012370000000e+15 2.553406789246632927e-04
1.145186042370000000e+15 2.168083833122896257e-04
1.145186072370000000e+15 1.544631290114688543e-04
1.145186102370000000e+15 1.038573807738846910e-04
1.145186132370000000e+15 1.184996531065867073e-04
1.145186162370000000e+15 7.390494298453286880e-05
1.145186192370000000e+15 1.270795109296086469e-04
1.145186222370000000e+15 4.102405072864062028e-05
1.145186252370000000e+15 6.229387790667092475e-05
1.145186282370000000e+15 -1.081729978824705774e-04
1.145186312370000000e+15 -1.094574077362163510e-04
1.145186342370000000e+15 -8.944630221485691025e-05
1.145186372370000000e+15 -7.691046204229794311e-05
1.145186402370000000e+15 -8.769950481376262517e-05
1.145186432370000000e+15 -1.943055226746633198e-04
1.145186462370000000e+15 -1.233290341566709383e-04
1.145186492370000000e+15 -1.013399374605429364e-04
1.145186522370000000e+15 1.125143031881312584e-05
1.145186552370000000e+15 6.134341461489901221e-05
1.145186582370000000e+15 1.654319891624575660e-05
1.145186612370000000e+15 -3.624604607270628335e-05
1.145186642370000000e+15 -5.887734769570713813e-05
1.145186672370000000e+15 -8.546463166824495264e-05
1.145186702370000000e+15 -5.880028310448233425e-05
1.145186732370000000e+15 -9.779496626420457379e-05
1.145186762370000000e+15 6.781684027777717262e-06
1.145186792370000000e+15 1.841843730271462785e-05
1.145186822370000000e+15 2.805151120580808187e-05
1.145186852370000000e+15 -3.062033091329966622e-05
1.145186882370000000e+15 -7.506091185290404602e-05
1.145186912370000000e+15 -1.059638129340277130e-04
1.145186942370000000e+15 -1.497108125526093729e-04
1.145186972370000000e+15 -8.153433751578276038e-05
1.145187002370000000e+15 -1.392300281460441198e-05
1.145187032370000000e+15 4.993785511363633961e-05
1.145187062370000000e+15 3.814697265625000000e-05
1.145187092370000000e+15 -6.994896063499575999e-05
1.145187122370000000e+15 -1.522025676688762517e-04
1.145187152370000000e+15 -2.218946463331229139e-04
1.145187182370000000e+15 -1.338355067603114298e-04
1.145187212370000000e+15 3.162217059922141187e-05
1.145187242370000000e+15 1.371235959859006676e-04
1.145307117000000250e+15 -9.693184284248806059e-05
1.145307147000000250e+15 -8.538242943760623340e-05
1.145307177000000250e+15 -3.949303418297663579e-05
1.145307207000000000e+15 -1.158075300531364579e-04
1.145307237000000000e+15 -1.687303536668787341e-04
1.145307267000000250e+15 -1.557629517834602500e-04
1.145307297000000250e+15 -1.476608944260318342e-04
1.145307327000000250e+15 -5.564063486426831627e-05
1.145307357000000000e+15 -1.074074896096397744e-04
1.145307387000000000e+15 -1.076284081044842546e-04
1.145307417000000000e+15 2.344304865056666412e-05
1.145307447000000000e+15 5.995625197285169543e-05
1.145307477000000000e+15 6.536618627683047852e-05
1.145307507000000750e+15 1.888596248947797295e-05
1.145307537000000750e+15 1.575611255787055744e-04
1.145307567000000750e+15 3.091112130418781812e-04
1.145307597000000000e+15 2.020530829124585811e-04
1.145307627000000000e+15 1.159205581202638600e-04
1.145307657000000000e+15 -1.320373329652857648e-06
1.145307687000000000e+15 8.515123566392854206e-05
1.145307717000000000e+15 1.694650361032179811e-04
1.145307747000000000e+15 2.779206041535135893e-04
1.145307777000000000e+15 3.114282884180337462e-04
1.145307807000000000e+15 2.558184793902561118e-04
1.145307837000000000e+15 1.426362830781764538e-04
1.145307867000000000e+15 3.398034709069852529e-05
1.145307897000000000e+15 -3.351795954335107762e-05
1.145307927000000000e+15 -7.415668731586733294e-05
1.145307957000000000e+15 -6.971262922190774470e-05
1.145307987000001250e+15 -1.347500065761784538e-04
1.145308017000001250e+15 -3.468420369055100037e-05
1.145308047000001250e+15 -3.449924867161090729e-05
1.145308077000000000e+15 5.756211200547241069e-05
1.145308107000000000e+15 7.370971268676330512e-05
1.145308137000000000e+15 1.892192596538330200e-05
1.145308167000000000e+15 -4.265268242319110101e-05
1.145308197000000000e+15 -9.453770287510530640e-05
1.145308227000000000e+15 -9.412155408249043239e-06
1.145308257000000000e+15 5.970450764151969108e-05
1.145170982370000000e+15 -4.625416765309357803e-05
1.145171012370000000e+15 -6.074744844276034234e-05
1.145171042370000000e+15 4.488755556870644927e-05
1.145171072370000000e+15 6.281277948758379464e-05
1.145171102370000000e+15 7.626825711542261689e-05
1.145171132370000000e+15 2.373589409720172017e-06
1.145171162370000000e+15 2.397736314972393642e-05
1.145171192370000000e+15 -3.832679003578437869e-06
1.145171222370000000e+15 5.522962371106902797e-05
1.145171252370000000e+15 8.034240517150600339e-05
1.145171282370000000e+15 1.447478528777346922e-04
1.145171312370000000e+15 2.171474675136775918e-04
1.145171342370000000e+15 2.225471265388250951e-04
1.145171372370000000e+15 1.261495981954968140e-04
1.145171402370000000e+15 6.938382029934664710e-05
1.145171432370000000e+15 8.210461549084508391e-05
1.145171462370000000e+15 1.295609907670440899e-04
1.145171492370000000e+15 3.479723175768071995e-05
1.145171522370000000e+15 4.063359013310325474e-05
