1.146328970454545500e+15
1.146329084090909000e+15
1.146329197727272500e+15
1.146329311363636250e+15
1.146329425000000000e+15
1.146329538636364000e+15
1.146329652272727500e+15
1.146329765909091000e+15
1.146329879545454500e+15
1.146329993181818000e+15
1.146330106818182000e+15
1.146330220454546000e+15
1.146330334090910000e+15
1.146330447727274000e+15
1.146330561363637000e+15
1.146330675000000000e+15
1.146330788636363000e+15
1.146330902272726000e+15
1.146331015909090000e+15
1.146331129545454000e+15
1.146331243181818000e+15
1.146331356818182000e+15
1.146331470454546000e+15
1.146331584090910000e+15
1.146331697727274000e+15
1.146331811363637000e+15
1.146331925000000000e+15
1.146332038636363000e+15
1.146332152272727000e+15
1.146332265909092000e+15
1.146332379545456000e+15
1.146332493181819000e+15
1.146332606818182000e+15
1.146332720454544000e+15
1.146332834090908000e+15
1.146332947727272000e+15
1.146333061363636000e+15
1.146333175000000000e+15
1.146333288636364000e+15
1.146333402272728000e+15
1.146333515909092000e+15
1.146333629545456000e+15
1.146333743181818000e+15
1.146333856818182000e+15
1.146333970454544000e+15
1.146334084090908000e+15
1.146334197727272000e+15
1.146334311363636000e+15
1.146334425000000000e+15
1.146334538636364000e+15
1.146334652272728000e+15
1.146334765909092000e+15
1.146334879545456000e+15
1.146334993181818000e+15
1.146335106818182000e+15
1.146335220454544000e+15
1.146335334090908000e+15
1.146335447727272000e+15
1.146335561363636000e+15
1.146335675000002000e+15
1.146335788636366000e+15
1.146335902272732000e+15
1.146336015909094000e+15
1.146336129545456000e+15
1.146336243181820000e+15
1.146336356818180000e+15
1.146336470454544000e+15
1.146336584090908000e+15
1.146336697727272000e+15
1.146336811363636000e+15
1.146336925000000000e+15
1.146337038636364000e+15
1.146337152272728000e+15
1.146337265909092000e+15
1.146337379545456000e+15
1.146337493181820000e+15
1.146337606818180000e+15
1.146337720454544000e+15
1.146337834090908000e+15
1.146337947727272000e+15
1.146338061363636000e+15
1.146338175000000000e+15
1.146338288636364000e+15
1.146338402272728000e+15
1.146338515909092000e+15
1.146338629545456000e+15
1.146338743181820000e+15
1.146338856818180000e+15
1.146338970454544000e+15
1.146339084090908000e+15
1.146339197727272000e+15
1.146339311363636000e+15
1.146339425000000000e+15
1.146339538636364000e+15
1.146339652272728000e+15
1.146339765909092000e+15
1.146339879545456000e+15
1.146340186363636500e+15
1.146340277272727500e+15
1.146340368181818250e+15
1.146340459090909250e+15
1.146340550000000000e+15
1.146340640909091000e+15
1.146340731818182000e+15
1.146340822727272500e+15
1.146340913636363500e+15
1.146341004545454500e+15
1.146341095454545500e+15
1.146341186363636500e+15
1.146341277272727000e+15
1.146341368181818000e+15
1.146341459090908500e+15
1.146341549999999500e+15
1.146341640909091000e+15
1.146341731818182000e+15
1.146341822727273000e+15
1.146341913636364000e+15
1.146342004545455000e+15
1.146342095454545000e+15
1.146342186363636000e+15
1.146342277272727000e+15
1.146342368181818000e+15
1.146342459090909000e+15
1.146342550000000000e+15
1.146342640909091000e+15
1.146342731818181000e+15
1.146342822727273000e+15
1.146342913636364000e+15
1.146343004545454000e+15
1.146343095454546000e+15
1.146343186363636000e+15
1.146343277272726000e+15
1.146343368181818000e+15
1.146343459090908000e+15
1.146343550000000000e+15
1.146343640909092000e+15
1.146343731818182000e+15
1.146343822727274000e+15
1.146343913636364000e+15
1.146344004545454000e+15
1.146344095454546000e+15
1.146344186363636000e+15
1.146344277272726000e+15
1.146344368181818000e+15
1.146344459090908000e+15
1.146344550000000000e+15
1.146344640909092000e+15
1.146344731818182000e+15
1.146344822727274000e+15
1.146344913636364000e+15
1.146345004545454000e+15
1.146345095454546000e+15
1.146345186363636000e+15
1.146345277272726000e+15
1.146345368181818000e+15
1.146345459090908000e+15
1.146345550000000000e+15
1.146345640909090000e+15
1.146345731818182000e+15
1.146345822727274000e+15
1.146345913636364000e+15
1.146346004545456000e+15
1.146346095454544000e+15
1.146346186363636000e+15
1.146346277272728000e+15
1.146346368181820000e+15
1.146346459090912000e+15
1.146346550000000000e+15
1.146346640909088000e+15
1.146346731818180000e+15
1.146346822727272000e+15
1.146346913636364000e+15
1.146347004545456000e+15
1.146347095454544000e+15
1.146347186363636000e+15
1.146347277272728000e+15
1.146347368181820000e+15
1.146347459090912000e+15
1.146347550000000000e+15
1.146347640909088000e+15
1.146347731818180000e+15
1.146347822727272000e+15
1.146347913636364000e+15
1.146348004545456000e+15
1.146348095454544000e+15
1.146348186363636000e+15
1.146348277272728000e+15
1.146348368181820000e+15
1.146348459090912000e+15
1.146348550000000000e+15
1.146348640909088000e+15
1.146348731818180000e+15
1.146348822727272000e+15
1.146348913636364000e+15
1.146349209090909000e+15
1.146349315151515000e+15
1.146349421212121000e+15
1.146349527272727000e+15
1.146349633333333000e+15
1.146349739393939000e+15
1.146349845454545000e+15
1.146349951515151000e+15
1.146350057575757000e+15
1.146350163636363000e+15
1.146350269696969000e+15
1.146350375757575000e+15
1.146350481818181000e+15
1.146350587878787000e+15
1.146350693939393500e+15
1.146350799999999500e+15
1.146350906060606000e+15
1.146351012121212000e+15
1.146351118181818000e+15
1.146351224242424000e+15
1.146351330303030000e+15
1.146351436363636000e+15
1.146351542424242000e+15
1.146351648484848000e+15
1.146351754545454000e+15
1.146351860606060000e+15
1.146351966666666000e+15
1.146352072727272000e+15
1.146352178787878000e+15
1.146352284848484000e+15
1.146352390909090000e+15
1.146352496969697000e+15
1.146352603030304000e+15
1.146352709090910000e+15
1.146352815151516000e+15
1.146352921212122000e+15
1.146353027272728000e+15
1.146353133333334000e+15
1.146353239393940000e+15
1.146353345454546000e+15
1.146353451515152000e+15
1.146353557575758000e+15
1.146353663636364000e+15
1.146353769696970000e+15
1.146353875757576000e+15
1.146353981818182000e+15
1.146354087878788000e+15
1.146354193939394000e+15
1.146354300000000000e+15
1.146354406060606000e+15
1.146354512121212000e+15
1.146354618181818000e+15
1.146354724242424000e+15
1.146354830303030000e+15
1.146354936363636000e+15
1.146355042424242000e+15
1.146355148484848000e+15
1.146355254545454000e+15
1.146355360606060000e+15
1.146355466666664000e+15
1.146355572727268000e+15
1.146355678787874000e+15
1.146355784848480000e+15
1.146355890909088000e+15
1.146355996969696000e+15
1.146356103030304000e+15
1.146356209090912000e+15
1.146356315151520000e+15
1.146356421212124000e+15
1.146356527272728000e+15
1.146356633333332000e+15
1.146356739393936000e+15
1.146356845454544000e+15
1.146356951515152000e+15
1.146357057575760000e+15
1.146357163636368000e+15
1.146357269696972000e+15
1.146357375757576000e+15
1.146357481818180000e+15
1.146357587878784000e+15
1.146357693939392000e+15
1.146357800000000000e+15
1.146357906060608000e+15
1.146358012121216000e+15
1.146358118181820000e+15
1.146358224242424000e+15
1.146358330303028000e+15
1.146358436363632000e+15
1.146358542424240000e+15
1.146358648484848000e+15
1.146358754545456000e+15
1.146358860606064000e+15
1.146358966666668000e+15
1.146359072727272000e+15
1.146359178787876000e+15
1.146359284848480000e+15
1.146359390909088000e+15
1.146359754545454500e+15
1.146359890909091000e+15
1.146360027272727500e+15
1.146360163636363750e+15
1.146360300000000000e+15
1.146360436363636000e+15
1.146360572727272500e+15
1.146360709090909000e+15
1.146360845454545500e+15
1.146360981818182000e+15
1.146361118181818000e+15
1.146361254545454000e+15
1.146361390909090000e+15
1.146361527272726000e+15
1.146361663636363000e+15
1.146361800000000000e+15
1.146361936363637000e+15
1.146362072727274000e+15
1.146362209090910000e+15
1.146362345454546000e+15
1.146362481818182000e+15
1.146362618181818000e+15
1.146362754545454000e+15
1.146362890909090000e+15
1.146363027272726000e+15
1.146363163636363000e+15
1.146363300000000000e+15
1.146363436363637000e+15
1.146363572727273000e+15
1.146363709090908000e+15
1.146363845454544000e+15
1.146363981818181000e+15
1.146364118181818000e+15
1.146364254545456000e+15
1.146364390909092000e+15
1.146364527272728000e+15
1.146364663636364000e+15
1.146364800000000000e+15
1.146364936363636000e+15
1.146365072727272000e+15
1.146365209090908000e+15
1.146365345454544000e+15
1.146365481818182000e+15
1.146365618181818000e+15
1.146365754545456000e+15
1.146365890909092000e+15
1.146366027272728000e+15
1.146366163636364000e+15
1.146366300000000000e+15
1.146366436363636000e+15
1.146366572727272000e+15
1.146366709090908000e+15
1.146366845454544000e+15
1.146366981818182000e+15
1.146367118181818000e+15
1.146367254545456000e+15
1.146367390909092000e+15
1.146367527272728000e+15
1.146367663636364000e+15
1.146367799999998000e+15
1.146367936363634000e+15
1.146368072727268000e+15
1.146368209090906000e+15
1.146368345454544000e+15
1.146368481818180000e+15
1.146368618181820000e+15
1.146368754545456000e+15
1.146368890909092000e+15
1.146369027272728000e+15
1.146369163636364000e+15
1.146369300000000000e+15
1.146369436363636000e+15
1.146369572727272000e+15
1.146369709090908000e+15
1.146369845454544000e+15
1.146369981818180000e+15
1.146370118181820000e+15
1.146370254545456000e+15
1.146370390909092000e+15
1.146370527272728000e+15
1.146370663636364000e+15
1.146370800000000000e+15
1.146370936363636000e+15
1.146371072727272000e+15
1.146371209090908000e+15
1.146371345454544000e+15
1.146371481818180000e+15
1.146371618181820000e+15
1.146371754545456000e+15
1.146371890909092000e+15
1.146372027272728000e+15
1.146372163636364000e+15
1.146372300000000000e+15
1.146372436363636000e+15
1.146372572727272000e+15
1.146372709090908000e+15
1.146372845454544000e+15
1.146373185678392000e+15
1.146373276130653250e+15
1.146373366582914750e+15
1.146373457035176000e+15
1.146373547487437500e+15
1.146373637939698750e+15
1.146373728391960000e+15
1.146373818844221000e+15
1.146373909296482000e+15
1.146373999748743500e+15
1.146374090201005000e+15
1.146374180653266500e+15
1.146374271105527500e+15
1.146374361557788500e+15
1.146374452010050000e+15
1.146374542462311500e+15
1.146374632914573000e+15
1.146374723366835000e+15
1.146374813819096000e+15
1.146374904271357000e+15
1.146374994723618000e+15
1.146375085175879000e+15
1.146375175628140000e+15
1.146375266080402000e+15
1.146375356532664000e+15
1.146375446984925000e+15
1.146375537437187000e+15
1.146375627889448000e+15
1.146375718341710000e+15
1.146375808793971000e+15
1.146375899246232000e+15
1.146375989698494000e+15
1.146376080150754000e+15
1.146376170603016000e+15
1.146376261055278000e+15
1.146376351507538000e+15
1.146376441959800000e+15
1.146376532412062000e+15
1.146376622864322000e+15
1.146376713316584000e+15
1.146376803768846000e+15
1.146376894221106000e+15
1.146376984673368000e+15
1.146377075125630000e+15
1.146377165577890000e+15
1.146377256030152000e+15
1.146377346482414000e+15
1.146377436934674000e+15
1.146377527386936000e+15
1.146377617839198000e+15
1.146377708291458000e+15
1.146377798743720000e+15
1.146377889195980000e+15
1.146377979648240000e+15
1.146378070100502000e+15
1.146378160552762000e+15
1.146378251005024000e+15
1.146378341457286000e+15
1.146378431909546000e+15
1.146378522361808000e+15
1.146378612814070000e+15
1.146378703266330000e+15
1.146378793718594000e+15
1.146378884170856000e+15
1.146378974623116000e+15
1.146379065075380000e+15
1.146379155527640000e+15
1.146379245979900000e+15
1.146379336432164000e+15
1.146379426884424000e+15
1.146379517336684000e+15
1.146379607788948000e+15
1.146379698241208000e+15
1.146379788693468000e+15
1.146379879145732000e+15
1.146379969597992000e+15
1.146380060050252000e+15
1.146380150502516000e+15
1.146380240954776000e+15
1.146380331407036000e+15
1.146380421859300000e+15
1.146380512311560000e+15
1.146380602763820000e+15
1.146380693216084000e+15
1.146380783668344000e+15
1.146380874120604000e+15
1.146380964572868000e+15
1.146381055025128000e+15
1.146381145477388000e+15
1.146381235929652000e+15
1.146381326381912000e+15
1.146381416834172000e+15
1.146381507286436000e+15
1.146381597738696000e+15
1.146381688190956000e+15
1.146381778643216000e+15
1.146381869095476000e+15
1.146381959547736000e+15
1.146382050000000000e+15
1.146382140452264000e+15
1.146382230904524000e+15
1.146382321356784000e+15
1.146382411809044000e+15
1.146382502261304000e+15
1.146382592713564000e+15
1.146382683165828000e+15
1.146382773618088000e+15
1.146382864070348000e+15
1.146382954522612000e+15
1.146383044974872000e+15
1.146383135427132000e+15
1.146383225879396000e+15
1.146383316331656000e+15
1.146383406783916000e+15
1.146383497236180000e+15
1.146383587688440000e+15
1.146383678140700000e+15
1.146383768592964000e+15
1.146383859045224000e+15
1.146383949497484000e+15
1.146384039949748000e+15
1.146384130402008000e+15
1.146384220854268000e+15
1.146384311306532000e+15
1.146384401758792000e+15
1.146384492211052000e+15
1.146384582663312000e+15
1.146384673115576000e+15
1.146384763567840000e+15
1.146384854020104000e+15
1.146384944472368000e+15
1.146385034924624000e+15
1.146385125376880000e+15
1.146385215829144000e+15
1.146385306281408000e+15
1.146385396733672000e+15
1.146385487185936000e+15
1.146385577638192000e+15
1.146385668090448000e+15
1.146385758542712000e+15
1.146385848994976000e+15
1.146385939447240000e+15
1.146386029899504000e+15
1.146386120351760000e+15
1.146386210804016000e+15
1.146386301256280000e+15
1.146386391708544000e+15
1.146386482160808000e+15
1.146386572613072000e+15
1.146386663065328000e+15
1.146386753517584000e+15
1.146386843969848000e+15
1.146386934422112000e+15
1.146387024874376000e+15
1.146387115326640000e+15
1.146387205778896000e+15
1.146387296231152000e+15
1.146387386683416000e+15
1.146387477135680000e+15
1.146387567587944000e+15
1.146387658040208000e+15
1.146387748492464000e+15
1.146387838944720000e+15
1.146387929396984000e+15
1.146388019849248000e+15
1.146388110301512000e+15
1.146388200753776000e+15
1.146388291206032000e+15
1.146388381658288000e+15
1.146388472110552000e+15
1.146388562562816000e+15
1.146388653015080000e+15
1.146388743467344000e+15
1.146388833919600000e+15
1.146388924371856000e+15
1.146389014824120000e+15
1.146389105276384000e+15
1.146389195728648000e+15
1.146389286180912000e+15
1.146389376633168000e+15
1.146389467085424000e+15
1.146389557537688000e+15
1.146389647989952000e+15
1.146389738442216000e+15
1.146389828894480000e+15
1.146389919346736000e+15
1.146390009798992000e+15
1.146390100251256000e+15
1.146390190703520000e+15
1.146390281155784000e+15
1.146390371608048000e+15
1.146390462060304000e+15
1.146390552512560000e+15
1.146390642964824000e+15
1.146390733417088000e+15
1.146390823869352000e+15
1.146390914321616000e+15
1.146391185678392000e+15
1.146391276130653250e+15
1.146391366582914750e+15
1.146391457035176000e+15
1.146391547487437500e+15
1.146391637939698750e+15
1.146391728391960000e+15
1.146391818844221000e+15
1.146391909296482000e+15
1.146391999748743500e+15
1.146392090201005000e+15
1.146392180653266500e+15
1.146392271105527500e+15
1.146392361557788500e+15
1.146392452010050000e+15
1.146392542462311500e+15
1.146392632914573000e+15
1.146392723366835000e+15
1.146392813819096000e+15
1.146392904271357000e+15
1.146392994723618000e+15
1.146393085175879000e+15
1.146393175628140000e+15
1.146393266080402000e+15
1.146393356532664000e+15
1.146393446984925000e+15
1.146393537437187000e+15
1.146393627889448000e+15
1.146393718341710000e+15
1.146393808793971000e+15
1.146393899246232000e+15
1.146393989698494000e+15
1.146394080150754000e+15
1.146394170603016000e+15
1.146394261055278000e+15
1.146394351507538000e+15
1.146394441959800000e+15
1.146394532412062000e+15
1.146394622864322000e+15
1.146394713316584000e+15
1.146394803768846000e+15
1.146394894221106000e+15
1.146394984673368000e+15
1.146395075125630000e+15
1.146395165577890000e+15
1.146395256030152000e+15
1.146395346482414000e+15
1.146395436934674000e+15
1.146395527386936000e+15
1.146395617839198000e+15
1.146395708291458000e+15
1.146395798743720000e+15
1.146395889195980000e+15
1.146395979648240000e+15
1.146396070100502000e+15
1.146396160552762000e+15
1.146396251005024000e+15
1.146396341457286000e+15
1.146396431909546000e+15
1.146396522361808000e+15
1.146396612814070000e+15
1.146396703266330000e+15
1.146396793718594000e+15
1.146396884170856000e+15
1.146396974623116000e+15
1.146397065075380000e+15
1.146397155527640000e+15
1.146397245979900000e+15
1.146397336432164000e+15
1.146397426884424000e+15
1.146397517336684000e+15
1.146397607788948000e+15
1.146397698241208000e+15
1.146397788693468000e+15
1.146397879145732000e+15
1.146397969597992000e+15
1.146398060050252000e+15
1.146398150502516000e+15
1.146398240954776000e+15
1.146398331407036000e+15
1.146398421859300000e+15
1.146398512311560000e+15
1.146398602763820000e+15
1.146398693216084000e+15
1.146398783668344000e+15
1.146398874120604000e+15
1.146398964572868000e+15
1.146399055025128000e+15
1.146399145477388000e+15
1.146399235929652000e+15
1.146399326381912000e+15
1.146399416834172000e+15
1.146399507286436000e+15
1.146399597738696000e+15
1.146399688190956000e+15
1.146399778643216000e+15
1.146399869095476000e+15
1.146399959547736000e+15
1.146400050000000000e+15
1.146400140452264000e+15
1.146400230904524000e+15
1.146400321356784000e+15
1.146400411809044000e+15
1.146400502261304000e+15
1.146400592713564000e+15
1.146400683165828000e+15
1.146400773618088000e+15
1.146400864070348000e+15
1.146400954522612000e+15
1.146401044974872000e+15
1.146401135427132000e+15
1.146401225879396000e+15
1.146401316331656000e+15
1.146401406783916000e+15
1.146401497236180000e+15
1.146401587688440000e+15
1.146401678140700000e+15
1.146401768592964000e+15
1.146401859045224000e+15
1.146401949497484000e+15
1.146402039949748000e+15
1.146402130402008000e+15
1.146402220854268000e+15
1.146402311306532000e+15
1.146402401758792000e+15
1.146402492211052000e+15
1.146402582663312000e+15
1.146402673115576000e+15
1.146402763567840000e+15
1.146402854020104000e+15
1.146402944472368000e+15
1.146403034924624000e+15
1.146403125376880000e+15
1.146403215829144000e+15
1.146403306281408000e+15
1.146403396733672000e+15
1.146403487185936000e+15
1.146403577638192000e+15
1.146403668090448000e+15
1.146403758542712000e+15
1.146403848994976000e+15
1.146403939447240000e+15
1.146404029899504000e+15
1.146404120351760000e+15
1.146404210804016000e+15
1.146404301256280000e+15
1.146404391708544000e+15
1.146404482160808000e+15
1.146404572613072000e+15
1.146404663065328000e+15
1.146404753517584000e+15
1.146404843969848000e+15
1.146404934422112000e+15
1.146405024874376000e+15
1.146405115326640000e+15
1.146405205778896000e+15
1.146405296231152000e+15
1.146405386683416000e+15
1.146405477135680000e+15
1.146405567587944000e+15
1.146405658040208000e+15
1.146405748492464000e+15
1.146405838944720000e+15
1.146405929396984000e+15
1.146406019849248000e+15
1.146406110301512000e+15
1.146406200753776000e+15
1.146406291206032000e+15
1.146406381658288000e+15
1.146406472110552000e+15
1.146406562562816000e+15
1.146406653015080000e+15
1.146406743467344000e+15
1.146406833919600000e+15
1.146406924371856000e+15
1.146407014824120000e+15
1.146407105276384000e+15
1.146407195728648000e+15
1.146407286180912000e+15
1.146407376633168000e+15
1.146407467085424000e+15
1.146407557537688000e+15
1.146407647989952000e+15
1.146407738442216000e+15
1.146407828894480000e+15
1.146407919346736000e+15
1.146408009798992000e+15
1.146408100251256000e+15
1.146408190703520000e+15
1.146408281155784000e+15
1.146408371608048000e+15
1.146408462060304000e+15
1.146408552512560000e+15
1.146408642964824000e+15
1.146408733417088000e+15
1.146408823869352000e+15
1.146408914321616000e+15
1.146409185678392000e+15
1.146409276130653250e+15
1.146409366582914750e+15
1.146409457035176000e+15
1.146409547487437500e+15
1.146409637939698750e+15
1.146409728391960000e+15
1.146409818844221000e+15
1.146409909296482000e+15
1.146409999748743500e+15
1.146410090201005000e+15
1.146410180653266500e+15
1.146410271105527500e+15
1.146410361557788500e+15
1.146410452010050000e+15
1.146410542462311500e+15
1.146410632914573000e+15
1.146410723366835000e+15
1.146410813819096000e+15
1.146410904271357000e+15
1.146410994723618000e+15
1.146411085175879000e+15
1.146411175628140000e+15
1.146411266080402000e+15
1.146411356532664000e+15
1.146411446984925000e+15
1.146411537437187000e+15
1.146411627889448000e+15
1.146411718341710000e+15
1.146411808793971000e+15
1.146411899246232000e+15
1.146411989698494000e+15
1.146412080150754000e+15
1.146412170603016000e+15
1.146412261055278000e+15
1.146412351507538000e+15
1.146412441959800000e+15
1.146412532412062000e+15
1.146412622864322000e+15
1.146412713316584000e+15
1.146412803768846000e+15
1.146412894221106000e+15
1.146412984673368000e+15
1.146413075125630000e+15
1.146413165577890000e+15
1.146413256030152000e+15
1.146413346482414000e+15
1.146413436934674000e+15
1.146413527386936000e+15
1.146413617839198000e+15
1.146413708291458000e+15
1.146413798743720000e+15
1.146413889195980000e+15
1.146413979648240000e+15
1.146414070100502000e+15
1.146414160552762000e+15
1.146414251005024000e+15
1.146414341457286000e+15
1.146414431909546000e+15
1.146414522361808000e+15
1.146414612814070000e+15
1.146414703266330000e+15
1.146414793718594000e+15
1.146414884170856000e+15
1.146414974623116000e+15
1.146415065075380000e+15
1.146415155527640000e+15
1.146415245979900000e+15
1.146415336432164000e+15
1.146415426884424000e+15
1.146415517336684000e+15
1.146415607788948000e+15
1.146415698241208000e+15
1.146415788693468000e+15
1.146415879145732000e+15
1.146415969597992000e+15
1.146416060050252000e+15
1.146416150502516000e+15
1.146416240954776000e+15
1.146416331407036000e+15
1.146416421859300000e+15
1.146416512311560000e+15
1.146416602763820000e+15
1.146416693216084000e+15
1.146416783668344000e+15
1.146416874120604000e+15
1.146416964572868000e+15
1.146417055025128000e+15
1.146417145477388000e+15
1.146417235929652000e+15
1.146417326381912000e+15
1.146417416834172000e+15
1.146417507286436000e+15
1.146417597738696000e+15
1.146417688190956000e+15
1.146417778643216000e+15
1.146417869095476000e+15
1.146417959547736000e+15
1.146418050000000000e+15
1.146418140452264000e+15
1.146418230904524000e+15
1.146418321356784000e+15
1.146418411809044000e+15
1.146418502261304000e+15
1.146418592713564000e+15
1.146418683165828000e+15
1.146418773618088000e+15
1.146418864070348000e+15
1.146418954522612000e+15
1.146419044974872000e+15
1.146419135427132000e+15
1.146419225879396000e+15
1.146419316331656000e+15
1.146419406783916000e+15
1.146419497236180000e+15
1.146419587688440000e+15
1.146419678140700000e+15
1.146419768592964000e+15
1.146419859045224000e+15
1.146419949497484000e+15
1.146420039949748000e+15
1.146420130402008000e+15
1.146420220854268000e+15
1.146420311306532000e+15
1.146420401758792000e+15
1.146420492211052000e+15
1.146420582663312000e+15
1.146420673115576000e+15
1.146420763567840000e+15
1.146420854020104000e+15
1.146420944472368000e+15
1.146421034924624000e+15
1.146421125376880000e+15
1.146421215829144000e+15
1.146421306281408000e+15
1.146421396733672000e+15
1.146421487185936000e+15
1.146421577638192000e+15
1.146421668090448000e+15
1.146421758542712000e+15
1.146421848994976000e+15
1.146421939447240000e+15
1.146422029899504000e+15
1.146422120351760000e+15
1.146422210804016000e+15
1.146422301256280000e+15
1.146422391708544000e+15
1.146422482160808000e+15
1.146422572613072000e+15
1.146422663065328000e+15
1.146422753517584000e+15
1.146422843969848000e+15
1.146422934422112000e+15
1.146423024874376000e+15
1.146423115326640000e+15
1.146423205778896000e+15
1.146423296231152000e+15
1.146423386683416000e+15
1.146423477135680000e+15
1.146423567587944000e+15
1.146423658040208000e+15
1.146423748492464000e+15
1.146423838944720000e+15
1.146423929396984000e+15
1.146424019849248000e+15
1.146424110301512000e+15
1.146424200753776000e+15
1.146424291206032000e+15
1.146424381658288000e+15
1.146424472110552000e+15
1.146424562562816000e+15
1.146424653015080000e+15
1.146424743467344000e+15
1.146424833919600000e+15
1.146424924371856000e+15
1.146425014824120000e+15
1.146425105276384000e+15
1.146425195728648000e+15
1.146425286180912000e+15
1.146425376633168000e+15
1.146425467085424000e+15
1.146425557537688000e+15
1.146425647989952000e+15
1.146425738442216000e+15
1.146425828894480000e+15
1.146425919346736000e+15
1.146426009798992000e+15
1.146426100251256000e+15
1.146426190703520000e+15
1.146426281155784000e+15
1.146426371608048000e+15
1.146426462060304000e+15
1.146426552512560000e+15
1.146426642964824000e+15
1.146426733417088000e+15
1.146426823869352000e+15
1.146426914321616000e+15
1.146304186363636500e+15
1.146304277272727500e+15
1.146304368181818250e+15
1.146304459090909250e+15
1.146304550000000000e+15
1.146304640909091000e+15
1.146304731818182000e+15
1.146304822727272500e+15
1.146304913636363500e+15
1.146305004545454500e+15
1.146305095454545500e+15
1.146305186363636500e+15
1.146305277272727000e+15
1.146305368181818000e+15
1.146305459090908500e+15
1.146305549999999500e+15
1.146305640909091000e+15
1.146305731818182000e+15
1.146305822727273000e+15
1.146305913636364000e+15
1.146306004545455000e+15
1.146306095454545000e+15
1.146306186363636000e+15
1.146306277272727000e+15
1.146306368181818000e+15
1.146306459090909000e+15
1.146306550000000000e+15
1.146306640909091000e+15
1.146306731818181000e+15
1.146306822727273000e+15
1.146306913636364000e+15
1.146307004545454000e+15
1.146307095454546000e+15
1.146307186363636000e+15
1.146307277272726000e+15
1.146307368181818000e+15
1.146307459090908000e+15
1.146307550000000000e+15
1.146307640909092000e+15
1.146307731818182000e+15
1.146307822727274000e+15
1.146307913636364000e+15
1.146308004545454000e+15
1.146308095454546000e+15
1.146308186363636000e+15
1.146308277272726000e+15
1.146308368181818000e+15
1.146308459090908000e+15
1.146308550000000000e+15
1.146308640909092000e+15
1.146308731818182000e+15
1.146308822727274000e+15
1.146308913636364000e+15
1.146309004545454000e+15
1.146309095454546000e+15
1.146309186363636000e+15
1.146309277272726000e+15
1.146309368181818000e+15
1.146309459090908000e+15
1.146309550000000000e+15
1.146309640909090000e+15
1.146309731818182000e+15
1.146309822727274000e+15
1.146309913636364000e+15
1.146310004545456000e+15
1.146310095454544000e+15
1.146310186363636000e+15
1.146310277272728000e+15
1.146310368181820000e+15
1.146310459090912000e+15
1.146310550000000000e+15
1.146310640909088000e+15
1.146310731818180000e+15
1.146310822727272000e+15
1.146310913636364000e+15
1.146311004545456000e+15
1.146311095454544000e+15
1.146311186363636000e+15
1.146311277272728000e+15
1.146311368181820000e+15
1.146311459090912000e+15
1.146311550000000000e+15
1.146311640909088000e+15
1.146311731818180000e+15
1.146311822727272000e+15
1.146311913636364000e+15
1.146312004545456000e+15
1.146312095454544000e+15
1.146312186363636000e+15
1.146312277272728000e+15
1.146312368181820000e+15
1.146312459090912000e+15
1.146312550000000000e+15
1.146312640909088000e+15
1.146312731818180000e+15
1.146312822727272000e+15
1.146312913636364000e+15
1.146313185678392000e+15
1.146313276130653250e+15
1.146313366582914750e+15
1.146313457035176000e+15
1.146313547487437500e+15
1.146313637939698750e+15
1.146313728391960000e+15
1.146313818844221000e+15
1.146313909296482000e+15
1.146313999748743500e+15
1.146314090201005000e+15
1.146314180653266500e+15
1.146314271105527500e+15
1.146314361557788500e+15
1.146314452010050000e+15
1.146314542462311500e+15
1.146314632914573000e+15
1.146314723366835000e+15
1.146314813819096000e+15
1.146314904271357000e+15
1.146314994723618000e+15
1.146315085175879000e+15
1.146315175628140000e+15
1.146315266080402000e+15
1.146315356532664000e+15
1.146315446984925000e+15
1.146315537437187000e+15
1.146315627889448000e+15
1.146315718341710000e+15
1.146315808793971000e+15
1.146315899246232000e+15
1.146315989698494000e+15
1.146316080150754000e+15
1.146316170603016000e+15
1.146316261055278000e+15
1.146316351507538000e+15
1.146316441959800000e+15
1.146316532412062000e+15
1.146316622864322000e+15
1.146316713316584000e+15
1.146316803768846000e+15
1.146316894221106000e+15
1.146316984673368000e+15
1.146317075125630000e+15
1.146317165577890000e+15
1.146317256030152000e+15
1.146317346482414000e+15
1.146317436934674000e+15
1.146317527386936000e+15
1.146317617839198000e+15
1.146317708291458000e+15
1.146317798743720000e+15
1.146317889195980000e+15
1.146317979648240000e+15
1.146318070100502000e+15
1.146318160552762000e+15
1.146318251005024000e+15
1.146318341457286000e+15
1.146318431909546000e+15
1.146318522361808000e+15
1.146318612814070000e+15
1.146318703266330000e+15
1.146318793718594000e+15
1.146318884170856000e+15
1.146318974623116000e+15
1.146319065075380000e+15
1.146319155527640000e+15
1.146319245979900000e+15
1.146319336432164000e+15
1.146319426884424000e+15
1.146319517336684000e+15
1.146319607788948000e+15
1.146319698241208000e+15
1.146319788693468000e+15
1.146319879145732000e+15
1.146319969597992000e+15
1.146320060050252000e+15
1.146320150502516000e+15
1.146320240954776000e+15
1.146320331407036000e+15
1.146320421859300000e+15
1.146320512311560000e+15
1.146320602763820000e+15
1.146320693216084000e+15
1.146320783668344000e+15
1.146320874120604000e+15
1.146320964572868000e+15
1.146321055025128000e+15
1.146321145477388000e+15
1.146321235929652000e+15
1.146321326381912000e+15
1.146321416834172000e+15
1.146321507286436000e+15
1.146321597738696000e+15
1.146321688190956000e+15
1.146321778643216000e+15
1.146321869095476000e+15
1.146321959547736000e+15
1.146322050000000000e+15
1.146322140452264000e+15
1.146322230904524000e+15
1.146322321356784000e+15
1.146322411809044000e+15
1.146322502261304000e+15
1.146322592713564000e+15
1.146322683165828000e+15
1.146322773618088000e+15
1.146322864070348000e+15
1.146322954522612000e+15
1.146323044974872000e+15
1.146323135427132000e+15
1.146323225879396000e+15
1.146323316331656000e+15
1.146323406783916000e+15
1.146323497236180000e+15
1.146323587688440000e+15
1.146323678140700000e+15
1.146323768592964000e+15
1.146323859045224000e+15
1.146323949497484000e+15
1.146324039949748000e+15
1.146324130402008000e+15
1.146324220854268000e+15
1.146324311306532000e+15
1.146324401758792000e+15
1.146324492211052000e+15
1.146324582663312000e+15
1.146324673115576000e+15
1.146324763567840000e+15
1.146324854020104000e+15
1.146324944472368000e+15
1.146325034924624000e+15
1.146325125376880000e+15
1.146325215829144000e+15
1.146325306281408000e+15
1.146325396733672000e+15
1.146325487185936000e+15
1.146325577638192000e+15
1.146325668090448000e+15
1.146325758542712000e+15
1.146325848994976000e+15
1.146325939447240000e+15
1.146326029899504000e+15
1.146326120351760000e+15
1.146326210804016000e+15
1.146326301256280000e+15
1.146326391708544000e+15
1.146326482160808000e+15
1.146326572613072000e+15
1.146326663065328000e+15
1.146326753517584000e+15
1.146326843969848000e+15
1.146326934422112000e+15
1.146327024874376000e+15
1.146327115326640000e+15
1.146327205778896000e+15
1.146327296231152000e+15
1.146327386683416000e+15
1.146327477135680000e+15
1.146327567587944000e+15
1.146327658040208000e+15
1.146327748492464000e+15
1.146327838944720000e+15
1.146327929396984000e+15
1.146328019849248000e+15
1.146328110301512000e+15
1.146328200753776000e+15
1.146328291206032000e+15
1.146328381658288000e+15
1.146328472110552000e+15
1.146328562562816000e+15
1.146328653015080000e+15
1.146328743467344000e+15
1.146328833919600000e+15
1.146328924371856000e+15
1.146329014824120000e+15
1.146329105276384000e+15
1.146329195728648000e+15
1.146329286180912000e+15
1.146329376633168000e+15
1.146329467085424000e+15
1.146329557537688000e+15
1.146329647989952000e+15
1.146329738442216000e+15
1.146329828894480000e+15
1.146329919346736000e+15
1.146330009798992000e+15
1.146330100251256000e+15
1.146330190703520000e+15
1.146330281155784000e+15
1.146330371608048000e+15
1.146330462060304000e+15
1.146330552512560000e+15
1.146330642964824000e+15
1.146330733417088000e+15
1.146330823869352000e+15
1.146330914321616000e+15
1.146286185678392000e+15
1.146286276130653250e+15
1.146286366582914750e+15
1.146286457035176000e+15
1.146286547487437500e+15
1.146286637939698750e+15
1.146286728391960000e+15
1.146286818844221000e+15
1.146286909296482000e+15
1.146286999748743500e+15
1.146287090201005000e+15
1.146287180653266500e+15
1.146287271105527500e+15
1.146287361557788500e+15
1.146287452010050000e+15
1.146287542462311500e+15
1.146287632914573000e+15
1.146287723366835000e+15
1.146287813819096000e+15
1.146287904271357000e+15
1.146287994723618000e+15
1.146288085175879000e+15
1.146288175628140000e+15
1.146288266080402000e+15
1.146288356532664000e+15
1.146288446984925000e+15
1.146288537437187000e+15
1.146288627889448000e+15
1.146288718341710000e+15
1.146288808793971000e+15
1.146288899246232000e+15
1.146288989698494000e+15
1.146289080150754000e+15
1.146289170603016000e+15
1.146289261055278000e+15
1.146289351507538000e+15
1.146289441959800000e+15
1.146289532412062000e+15
1.146289622864322000e+15
1.146289713316584000e+15
1.146289803768846000e+15
1.146289894221106000e+15
1.146289984673368000e+15
1.146290075125630000e+15
1.146290165577890000e+15
1.146290256030152000e+15
1.146290346482414000e+15
1.146290436934674000e+15
1.146290527386936000e+15
1.146290617839198000e+15
1.146290708291458000e+15
1.146290798743720000e+15
1.146290889195980000e+15
1.146290979648240000e+15
1.146291070100502000e+15
1.146291160552762000e+15
1.146291251005024000e+15
1.146291341457286000e+15
1.146291431909546000e+15
1.146291522361808000e+15
1.146291612814070000e+15
1.146291703266330000e+15
1.146291793718594000e+15
1.146291884170856000e+15
1.146291974623116000e+15
1.146292065075380000e+15
1.146292155527640000e+15
1.146292245979900000e+15
1.146292336432164000e+15
1.146292426884424000e+15
1.146292517336684000e+15
1.146292607788948000e+15
1.146292698241208000e+15
1.146292788693468000e+15
1.146292879145732000e+15
1.146292969597992000e+15
1.146293060050252000e+15
1.146293150502516000e+15
1.146293240954776000e+15
1.146293331407036000e+15
1.146293421859300000e+15
1.146293512311560000e+15
1.146293602763820000e+15
1.146293693216084000e+15
1.146293783668344000e+15
1.146293874120604000e+15
1.146293964572868000e+15
1.146294055025128000e+15
1.146294145477388000e+15
1.146294235929652000e+15
1.146294326381912000e+15
1.146294416834172000e+15
1.146294507286436000e+15
1.146294597738696000e+15
1.146294688190956000e+15
1.146294778643216000e+15
1.146294869095476000e+15
1.146294959547736000e+15
1.146295050000000000e+15
1.146295140452264000e+15
1.146295230904524000e+15
1.146295321356784000e+15
1.146295411809044000e+15
1.146295502261304000e+15
1.146295592713564000e+15
1.146295683165828000e+15
1.146295773618088000e+15
1.146295864070348000e+15
1.146295954522612000e+15
1.146296044974872000e+15
1.146296135427132000e+15
1.146296225879396000e+15
1.146296316331656000e+15
1.146296406783916000e+15
1.146296497236180000e+15
1.146296587688440000e+15
1.146296678140700000e+15
1.146296768592964000e+15
1.146296859045224000e+15
1.146296949497484000e+15
1.146297039949748000e+15
1.146297130402008000e+15
1.146297220854268000e+15
1.146297311306532000e+15
1.146297401758792000e+15
1.146297492211052000e+15
1.146297582663312000e+15
1.146297673115576000e+15
1.146297763567840000e+15
1.146297854020104000e+15
1.146297944472368000e+15
1.146298034924624000e+15
1.146298125376880000e+15
1.146298215829144000e+15
1.146298306281408000e+15
1.146298396733672000e+15
1.146298487185936000e+15
1.146298577638192000e+15
1.146298668090448000e+15
1.146298758542712000e+15
1.146298848994976000e+15
1.146298939447240000e+15
1.146299029899504000e+15
1.146299120351760000e+15
1.146299210804016000e+15
1.146299301256280000e+15
1.146299391708544000e+15
1.146299482160808000e+15
1.146299572613072000e+15
1.146299663065328000e+15
1.146299753517584000e+15
1.146299843969848000e+15
1.146299934422112000e+15
1.146300024874376000e+15
1.146300115326640000e+15
1.146300205778896000e+15
1.146300296231152000e+15
1.146300386683416000e+15
1.146300477135680000e+15
1.146300567587944000e+15
1.146300658040208000e+15
1.146300748492464000e+15
1.146300838944720000e+15
1.146300929396984000e+15
1.146301019849248000e+15
1.146301110301512000e+15
1.146301200753776000e+15
1.146301291206032000e+15
1.146301381658288000e+15
1.146301472110552000e+15
1.146301562562816000e+15
1.146301653015080000e+15
1.146301743467344000e+15
1.146301833919600000e+15
1.146301924371856000e+15
1.146302014824120000e+15
1.146302105276384000e+15
1.146302195728648000e+15
1.146302286180912000e+15
1.146302376633168000e+15
1.146302467085424000e+15
1.146302557537688000e+15
1.146302647989952000e+15
1.146302738442216000e+15
1.146302828894480000e+15
1.146302919346736000e+15
1.146303009798992000e+15
1.146303100251256000e+15
1.146303190703520000e+15
1.146303281155784000e+15
1.146303371608048000e+15
1.146303462060304000e+15
1.146303552512560000e+15
1.146303642964824000e+15
1.146303733417088000e+15
1.146303823869352000e+15
1.146303914321616000e+15
1.146268185678392000e+15
1.146268276130653250e+15
1.146268366582914750e+15
1.146268457035176000e+15
1.146268547487437500e+15
1.146268637939698750e+15
1.146268728391960000e+15
1.146268818844221000e+15
1.146268909296482000e+15
1.146268999748743500e+15
1.146269090201005000e+15
1.146269180653266500e+15
1.146269271105527500e+15
1.146269361557788500e+15
1.146269452010050000e+15
1.146269542462311500e+15
1.146269632914573000e+15
1.146269723366835000e+15
1.146269813819096000e+15
1.146269904271357000e+15
1.146269994723618000e+15
1.146270085175879000e+15
1.146270175628140000e+15
1.146270266080402000e+15
1.146270356532664000e+15
1.146270446984925000e+15
1.146270537437187000e+15
1.146270627889448000e+15
1.146270718341710000e+15
1.146270808793971000e+15
1.146270899246232000e+15
1.146270989698494000e+15
1.146271080150754000e+15
1.146271170603016000e+15
1.146271261055278000e+15
1.146271351507538000e+15
1.146271441959800000e+15
1.146271532412062000e+15
1.146271622864322000e+15
1.146271713316584000e+15
1.146271803768846000e+15
1.146271894221106000e+15
1.146271984673368000e+15
1.146272075125630000e+15
1.146272165577890000e+15
1.146272256030152000e+15
1.146272346482414000e+15
1.146272436934674000e+15
1.146272527386936000e+15
1.146272617839198000e+15
1.146272708291458000e+15
1.146272798743720000e+15
1.146272889195980000e+15
1.146272979648240000e+15
1.146273070100502000e+15
1.146273160552762000e+15
1.146273251005024000e+15
1.146273341457286000e+15
1.146273431909546000e+15
1.146273522361808000e+15
1.146273612814070000e+15
1.146273703266330000e+15
1.146273793718594000e+15
1.146273884170856000e+15
1.146273974623116000e+15
1.146274065075380000e+15
1.146274155527640000e+15
1.146274245979900000e+15
1.146274336432164000e+15
1.146274426884424000e+15
1.146274517336684000e+15
1.146274607788948000e+15
1.146274698241208000e+15
1.146274788693468000e+15
1.146274879145732000e+15
1.146274969597992000e+15
1.146275060050252000e+15
1.146275150502516000e+15
1.146275240954776000e+15
1.146275331407036000e+15
1.146275421859300000e+15
1.146275512311560000e+15
1.146275602763820000e+15
1.146275693216084000e+15
1.146275783668344000e+15
1.146275874120604000e+15
1.146275964572868000e+15
1.146276055025128000e+15
1.146276145477388000e+15
1.146276235929652000e+15
1.146276326381912000e+15
1.146276416834172000e+15
1.146276507286436000e+15
1.146276597738696000e+15
1.146276688190956000e+15
1.146276778643216000e+15
1.146276869095476000e+15
1.146276959547736000e+15
1.146277050000000000e+15
1.146277140452264000e+15
1.146277230904524000e+15
1.146277321356784000e+15
1.146277411809044000e+15
1.146277502261304000e+15
1.146277592713564000e+15
1.146277683165828000e+15
1.146277773618088000e+15
1.146277864070348000e+15
1.146277954522612000e+15
1.146278044974872000e+15
1.146278135427132000e+15
1.146278225879396000e+15
1.146278316331656000e+15
1.146278406783916000e+15
1.146278497236180000e+15
1.146278587688440000e+15
1.146278678140700000e+15
1.146278768592964000e+15
1.146278859045224000e+15
1.146278949497484000e+15
1.146279039949748000e+15
1.146279130402008000e+15
1.146279220854268000e+15
1.146279311306532000e+15
1.146279401758792000e+15
1.146279492211052000e+15
1.146279582663312000e+15
1.146279673115576000e+15
1.146279763567840000e+15
1.146279854020104000e+15
1.146279944472368000e+15
1.146280034924624000e+15
1.146280125376880000e+15
1.146280215829144000e+15
1.146280306281408000e+15
1.146280396733672000e+15
1.146280487185936000e+15
1.146280577638192000e+15
1.146280668090448000e+15
1.146280758542712000e+15
1.146280848994976000e+15
1.146280939447240000e+15
1.146281029899504000e+15
1.146281120351760000e+15
1.146281210804016000e+15
1.146281301256280000e+15
1.146281391708544000e+15
1.146281482160808000e+15
1.146281572613072000e+15
1.146281663065328000e+15
1.146281753517584000e+15
1.146281843969848000e+15
1.146281934422112000e+15
1.146282024874376000e+15
1.146282115326640000e+15
1.146282205778896000e+15
1.146282296231152000e+15
1.146282386683416000e+15
1.146282477135680000e+15
1.146282567587944000e+15
1.146282658040208000e+15
1.146282748492464000e+15
1.146282838944720000e+15
1.146282929396984000e+15
1.146283019849248000e+15
1.146283110301512000e+15
1.146283200753776000e+15
1.146283291206032000e+15
1.146283381658288000e+15
1.146283472110552000e+15
1.146283562562816000e+15
1.146283653015080000e+15
1.146283743467344000e+15
1.146283833919600000e+15
1.146283924371856000e+15
1.146284014824120000e+15
1.146284105276384000e+15
1.146284195728648000e+15
1.146284286180912000e+15
1.146284376633168000e+15
1.146284467085424000e+15
1.146284557537688000e+15
1.146284647989952000e+15
1.146284738442216000e+15
1.146284828894480000e+15
1.146284919346736000e+15
1.146285009798992000e+15
1.146285100251256000e+15
1.146285190703520000e+15
1.146285281155784000e+15
1.146285371608048000e+15
1.146285462060304000e+15
1.146285552512560000e+15
1.146285642964824000e+15
1.146285733417088000e+15
1.146285823869352000e+15
1.146285914321616000e+15
1.146250185678392000e+15
1.146250276130653250e+15
1.146250366582914750e+15
1.146250457035176000e+15
1.146250547487437500e+15
1.146250637939698750e+15
1.146250728391960000e+15
1.146250818844221000e+15
1.146250909296482000e+15
1.146250999748743500e+15
1.146251090201005000e+15
1.146251180653266500e+15
1.146251271105527500e+15
1.146251361557788500e+15
1.146251452010050000e+15
1.146251542462311500e+15
1.146251632914573000e+15
1.146251723366835000e+15
1.146251813819096000e+15
1.146251904271357000e+15
1.146251994723618000e+15
1.146252085175879000e+15
1.146252175628140000e+15
1.146252266080402000e+15
1.146252356532664000e+15
1.146252446984925000e+15
1.146252537437187000e+15
1.146252627889448000e+15
1.146252718341710000e+15
1.146252808793971000e+15
1.146252899246232000e+15
1.146252989698494000e+15
1.146253080150754000e+15
1.146253170603016000e+15
1.146253261055278000e+15
1.146253351507538000e+15
1.146253441959800000e+15
1.146253532412062000e+15
1.146253622864322000e+15
1.146253713316584000e+15
1.146253803768846000e+15
1.146253894221106000e+15
1.146253984673368000e+15
1.146254075125630000e+15
1.146254165577890000e+15
1.146254256030152000e+15
1.146254346482414000e+15
1.146254436934674000e+15
1.146254527386936000e+15
1.146254617839198000e+15
1.146254708291458000e+15
1.146254798743720000e+15
1.146254889195980000e+15
1.146254979648240000e+15
1.146255070100502000e+15
1.146255160552762000e+15
1.146255251005024000e+15
1.146255341457286000e+15
1.146255431909546000e+15
1.146255522361808000e+15
1.146255612814070000e+15
1.146255703266330000e+15
1.146255793718594000e+15
1.146255884170856000e+15
1.146255974623116000e+15
1.146256065075380000e+15
1.146256155527640000e+15
1.146256245979900000e+15
1.146256336432164000e+15
1.146256426884424000e+15
1.146256517336684000e+15
1.146256607788948000e+15
1.146256698241208000e+15
1.146256788693468000e+15
1.146256879145732000e+15
1.146256969597992000e+15
1.146257060050252000e+15
1.146257150502516000e+15
1.146257240954776000e+15
1.146257331407036000e+15
1.146257421859300000e+15
1.146257512311560000e+15
1.146257602763820000e+15
1.146257693216084000e+15
1.146257783668344000e+15
1.146257874120604000e+15
1.146257964572868000e+15
1.146258055025128000e+15
1.146258145477388000e+15
1.146258235929652000e+15
1.146258326381912000e+15
1.146258416834172000e+15
1.146258507286436000e+15
1.146258597738696000e+15
1.146258688190956000e+15
1.146258778643216000e+15
1.146258869095476000e+15
1.146258959547736000e+15
1.146259050000000000e+15
1.146259140452264000e+15
1.146259230904524000e+15
1.146259321356784000e+15
1.146259411809044000e+15
1.146259502261304000e+15
1.146259592713564000e+15
1.146259683165828000e+15
1.146259773618088000e+15
1.146259864070348000e+15
1.146259954522612000e+15
1.146260044974872000e+15
1.146260135427132000e+15
1.146260225879396000e+15
1.146260316331656000e+15
1.146260406783916000e+15
1.146260497236180000e+15
1.146260587688440000e+15
1.146260678140700000e+15
1.146260768592964000e+15
1.146260859045224000e+15
1.146260949497484000e+15
1.146261039949748000e+15
1.146261130402008000e+15
1.146261220854268000e+15
1.146261311306532000e+15
1.146261401758792000e+15
1.146261492211052000e+15
1.146261582663312000e+15
1.146261673115576000e+15
1.146261763567840000e+15
1.146261854020104000e+15
1.146261944472368000e+15
1.146262034924624000e+15
1.146262125376880000e+15
1.146262215829144000e+15
1.146262306281408000e+15
1.146262396733672000e+15
1.146262487185936000e+15
1.146262577638192000e+15
1.146262668090448000e+15
1.146262758542712000e+15
1.146262848994976000e+15
1.146262939447240000e+15
1.146263029899504000e+15
1.146263120351760000e+15
1.146263210804016000e+15
1.146263301256280000e+15
1.146263391708544000e+15
1.146263482160808000e+15
1.146263572613072000e+15
1.146263663065328000e+15
1.146263753517584000e+15
1.146263843969848000e+15
1.146263934422112000e+15
1.146264024874376000e+15
1.146264115326640000e+15
1.146264205778896000e+15
1.146264296231152000e+15
1.146264386683416000e+15
1.146264477135680000e+15
1.146264567587944000e+15
1.146264658040208000e+15
1.146264748492464000e+15
1.146264838944720000e+15
1.146264929396984000e+15
1.146265019849248000e+15
1.146265110301512000e+15
1.146265200753776000e+15
1.146265291206032000e+15
1.146265381658288000e+15
1.146265472110552000e+15
1.146265562562816000e+15
1.146265653015080000e+15
1.146265743467344000e+15
1.146265833919600000e+15
1.146265924371856000e+15
1.146266014824120000e+15
1.146266105276384000e+15
1.146266195728648000e+15
1.146266286180912000e+15
1.146266376633168000e+15
1.146266467085424000e+15
1.146266557537688000e+15
1.146266647989952000e+15
1.146266738442216000e+15
1.146266828894480000e+15
1.146266919346736000e+15
1.146267009798992000e+15
1.146267100251256000e+15
1.146267190703520000e+15
1.146267281155784000e+15
1.146267371608048000e+15
1.146267462060304000e+15
1.146267552512560000e+15
1.146267642964824000e+15
1.146267733417088000e+15
1.146267823869352000e+15
1.146267914321616000e+15
1.146223185451505000e+15
1.146223275752508500e+15
1.146223366053512000e+15
1.146223456354515250e+15
1.146223546655518500e+15
1.146223636956521500e+15
1.146223727257524750e+15
1.146223817558528250e+15
1.146223907859531500e+15
1.146223998160535000e+15
1.146224088461538500e+15
1.146224178762541500e+15
1.146224269063545000e+15
1.146224359364548000e+15
1.146224449665551000e+15
1.146224539966554500e+15
1.146224630267558000e+15
1.146224720568562000e+15
1.146224810869566000e+15
1.146224901170569000e+15
1.146224991471572000e+15
1.146225081772575000e+15
1.146225172073578000e+15
1.146225262374582000e+15
1.146225352675586000e+15
1.146225442976589000e+15
1.146225533277592000e+15
1.146225623578595000e+15
1.146225713879598000e+15
1.146225804180601000e+15
1.146225894481605000e+15
1.146225984782608000e+15
1.146226075083612000e+15
1.146226165384616000e+15
1.146226255685618000e+15
1.146226345986622000e+15
1.146226436287624000e+15
1.146226526588628000e+15
1.146226616889632000e+15
1.146226707190636000e+15
1.146226797491640000e+15
1.146226887792642000e+15
1.146226978093646000e+15
1.146227068394648000e+15
1.146227158695652000e+15
1.146227248996656000e+15
1.146227339297658000e+15
1.146227429598662000e+15
1.146227519899664000e+15
1.146227610200668000e+15
1.146227700501672000e+15
1.146227790802676000e+15
1.146227881103680000e+15
1.146227971404682000e+15
1.146228061705686000e+15
1.146228152006688000e+15
1.146228242307692000e+15
1.146228332608696000e+15
1.146228422909698000e+15
1.146228513210702000e+15
1.146228603511706000e+15
1.146228693812708000e+15
1.146228784113712000e+15
1.146228874414716000e+15
1.146228964715716000e+15
1.146229055016720000e+15
1.146229145317724000e+15
1.146229235618728000e+15
1.146229325919732000e+15
1.146229416220736000e+15
1.146229506521740000e+15
1.146229596822740000e+15
1.146229687123744000e+15
1.146229777424748000e+15
1.146229867725752000e+15
1.146229958026756000e+15
1.146230048327760000e+15
1.146230138628764000e+15
1.146230228929764000e+15
1.146230319230768000e+15
1.146230409531772000e+15
1.146230499832776000e+15
1.146230590133780000e+15
1.146230680434784000e+15
1.146230770735788000e+15
1.146230861036788000e+15
1.146230951337792000e+15
1.146231041638796000e+15
1.146231131939800000e+15
1.146231222240804000e+15
1.146231312541808000e+15
1.146231402842812000e+15
1.146231493143812000e+15
1.146231583444816000e+15
1.146231673745820000e+15
1.146231764046820000e+15
1.146231854347824000e+15
1.146231944648828000e+15
1.146232034949832000e+15
1.146232125250836000e+15
1.146232215551840000e+15
1.146232305852844000e+15
1.146232396153844000e+15
1.146232486454848000e+15
1.146232576755852000e+15
1.146232667056856000e+15
1.146232757357860000e+15
1.146232847658864000e+15
1.146232937959868000e+15
1.146233028260868000e+15
1.146233118561872000e+15
1.146233208862876000e+15
1.146233299163880000e+15
1.146233389464884000e+15
1.146233479765888000e+15
1.146233570066892000e+15
1.146233660367892000e+15
1.146233750668896000e+15
1.146233840969900000e+15
1.146233931270900000e+15
1.146234021571904000e+15
1.146234111872908000e+15
1.146234202173912000e+15
1.146234292474920000e+15
1.146234382775924000e+15
1.146234473076924000e+15
1.146234563377928000e+15
1.146234653678928000e+15
1.146234743979928000e+15
1.146234834280936000e+15
1.146234924581936000e+15
1.146235014882944000e+15
1.146235105183952000e+15
1.146235195484952000e+15
1.146235285785960000e+15
1.146235376086960000e+15
1.146235466387960000e+15
1.146235556688968000e+15
1.146235646989968000e+15
1.146235737290968000e+15
1.146235827591976000e+15
1.146235917892976000e+15
1.146236008193976000e+15
1.146236098494984000e+15
1.146236188795984000e+15
1.146236279096984000e+15
1.146236369397992000e+15
1.146236459698992000e+15
1.146236550000000000e+15
1.146236640301008000e+15
1.146236730602008000e+15
1.146236820903016000e+15
1.146236911204016000e+15
1.146237001505016000e+15
1.146237091806024000e+15
1.146237182107024000e+15
1.146237272408024000e+15
1.146237362709032000e+15
1.146237453010032000e+15
1.146237543311032000e+15
1.146237633612040000e+15
1.146237723913040000e+15
1.146237814214040000e+15
1.146237904515048000e+15
1.146237994816048000e+15
1.146238085117056000e+15
1.146238175418064000e+15
1.146238265719064000e+15
1.146238356020072000e+15
1.146238446321072000e+15
1.146238536622072000e+15
1.146238626923080000e+15
1.146238717224080000e+15
1.146238807525080000e+15
1.146238897826088000e+15
1.146238988127088000e+15
1.146239078428088000e+15
1.146239168729096000e+15
1.146239259030096000e+15
1.146239349331104000e+15
1.146239439632112000e+15
1.146239529933112000e+15
1.146239620234120000e+15
1.146239710535120000e+15
1.146239800836120000e+15
1.146239891137128000e+15
1.146239981438128000e+15
1.146240071739128000e+15
1.146240162040136000e+15
1.146240252341136000e+15
1.146240342642136000e+15
1.146240432943144000e+15
1.146240523244144000e+15
1.146240613545144000e+15
1.146240703846152000e+15
1.146240794147152000e+15
1.146240884448160000e+15
1.146240974749168000e+15
1.146241065050168000e+15
1.146241155351176000e+15
1.146241245652176000e+15
1.146241335953176000e+15
1.146241426254184000e+15
1.146241516555184000e+15
1.146241606856184000e+15
1.146241697157192000e+15
1.146241787458192000e+15
1.146241877759192000e+15
1.146241968060200000e+15
1.146242058361200000e+15
1.146242148662208000e+15
1.146242238963216000e+15
1.146242329264216000e+15
1.146242419565224000e+15
1.146242509866224000e+15
1.146242600167224000e+15
1.146242690468232000e+15
1.146242780769232000e+15
1.146242871070232000e+15
1.146242961371240000e+15
1.146243051672240000e+15
1.146243141973240000e+15
1.146243232274248000e+15
1.146243322575248000e+15
1.146243412876248000e+15
1.146243503177256000e+15
1.146243593478256000e+15
1.146243683779264000e+15
1.146243774080272000e+15
1.146243864381272000e+15
1.146243954682280000e+15
1.146244044983280000e+15
1.146244135284280000e+15
1.146244225585288000e+15
1.146244315886288000e+15
1.146244406187288000e+15
1.146244496488296000e+15
1.146244586789296000e+15
1.146244677090296000e+15
1.146244767391304000e+15
1.146244857692304000e+15
1.146244947993312000e+15
1.146245038294320000e+15
1.146245128595320000e+15
1.146245218896328000e+15
1.146245309197328000e+15
1.146245399498328000e+15
1.146245489799336000e+15
1.146245580100336000e+15
1.146245670401344000e+15
1.146245760702352000e+15
1.146245851003352000e+15
1.146245941304352000e+15
1.146246031605344000e+15
1.146246121906352000e+15
1.146246212207360000e+15
1.146246302508368000e+15
1.146246392809376000e+15
1.146246483110368000e+15
1.146246573411360000e+15
1.146246663712368000e+15
1.146246754013376000e+15
1.146246844314384000e+15
1.146246934615392000e+15
1.146247024916384000e+15
1.146247115217392000e+15
1.146247205518400000e+15
1.146247295819408000e+15
1.146247386120416000e+15
1.146247476421408000e+15
1.146247566722400000e+15
1.146247657023408000e+15
1.146247747324416000e+15
1.146247837625424000e+15
1.146247927926432000e+15
1.146248018227424000e+15
1.146248108528416000e+15
1.146248198829424000e+15
1.146248289130432000e+15
1.146248379431440000e+15
1.146248469732448000e+15
1.146248560033440000e+15
1.146248650334448000e+15
1.146248740635456000e+15
1.146248830936464000e+15
1.146248921237472000e+15
1.146249011538464000e+15
1.146249101839456000e+15
1.146249192140464000e+15
1.146249282441472000e+15
1.146249372742480000e+15
1.146249463043488000e+15
1.146249553344480000e+15
1.146249643645472000e+15
1.146249733946480000e+15
1.146249824247488000e+15
1.146249914548496000e+15
