1.145239200250836250e+15
1.145239230351170750e+15
1.145239260451505250e+15
1.145239290551839750e+15
1.145239320652174250e+15
1.145239350752508500e+15
1.145239380852843250e+15
1.145239410953177750e+15
1.145239441053512000e+15
1.145239471153846250e+15
1.145239501254180750e+15
1.145239531354515250e+15
1.145239561454849250e+15
1.145239591555183750e+15
1.145239621655518250e+15
1.145239651755852750e+15
1.145239681856187250e+15
1.145239711956521250e+15
1.145239742056856000e+15
1.145239772157190750e+15
1.145239802257524750e+15
1.145239832357859250e+15
1.145239862458194000e+15
1.145239892558528750e+15
1.145239922658863250e+15
1.145239952759197250e+15
1.145239982859532000e+15
1.145240012959866750e+15
1.145240043060201250e+15
1.145240073160535250e+15
1.145240103260869250e+15
1.145240133361204000e+15
1.145240163461538750e+15
1.145240193561873250e+15
1.145240223662206750e+15
1.145240253762541250e+15
1.145240283862876000e+15
1.145240313963210750e+15
1.145240344063545250e+15
1.145240374163878750e+15
1.145240404264213250e+15
1.145240434364548000e+15
1.145240464464882750e+15
1.145240494565217250e+15
1.145240524665550750e+15
1.145240554765885250e+15
1.145240584866220000e+15
1.145240614966554750e+15
1.145240645066889250e+15
1.145240675167224000e+15
1.145240705267558750e+15
1.145240735367893250e+15
1.145240765468228000e+15
1.145240795568562750e+15
1.145240825668897250e+15
1.145240855769230750e+15
1.145240885869565250e+15
1.145240915969898750e+15
1.145240946070233250e+15
1.145240976170568000e+15
1.145241006270902750e+15
1.145241036371238750e+15
1.145241066471574750e+15
1.145241096571909250e+15
1.145241126672242750e+15
1.145241156772576000e+15
1.145241186872909250e+15
1.145241216973242750e+15
1.145241247073576000e+15
1.145241277173912000e+15
1.145241307274248000e+15
1.145241337374584000e+15
1.145241367474920000e+15
1.145241397575253250e+15
1.145241427675586750e+15
1.145241457775920000e+15
1.145241487876253250e+15
1.145241517976586750e+15
1.145241548076920000e+15
1.145241578177256000e+15
1.145241608277592000e+15
1.145241638377928000e+15
1.145241668478264000e+15
1.145241698578597250e+15
1.145241728678930750e+15
1.145241758779264000e+15
1.145241788879597250e+15
1.145241818979930750e+15
1.145241849080264000e+15
1.145241879180600000e+15
1.145241909280936000e+15
1.145241939381272000e+15
1.145241969481608000e+15
1.145241999581944000e+15
1.145242029682277250e+15
1.145242059782610750e+15
1.145242089882944000e+15
1.145242119983277250e+15
1.145242150083610750e+15
1.145242180183944000e+15
1.145242210284280000e+15
1.145242240384616000e+15
1.145242270484952000e+15
1.145242300585288000e+15
1.145242330685621250e+15
1.145242360785954750e+15
1.145242390886288000e+15
1.145242420986621250e+15
1.145242451086954750e+15
1.145242481187288000e+15
1.145242511287624000e+15
1.145242541387960000e+15
1.145242571488296000e+15
1.145242601588632000e+15
1.145242631688965250e+15
1.145242661789298750e+15
1.145242691889632000e+15
1.145242721989965250e+15
1.145242752090298750e+15
1.145242782190632000e+15
1.145242812290968000e+15
1.145242842391304000e+15
1.145242872491637250e+15
1.145242902591973250e+15
1.145242932692306750e+15
1.145242962792642750e+15
1.145242992892976000e+15
1.145243022993312000e+15
1.145243053093648000e+15
1.145243083193984000e+15
1.145243113294320000e+15
1.145243143394650750e+15
1.145243173494986750e+15
1.145243203595317250e+15
1.145243233695653250e+15
1.145243263795984000e+15
1.145243293896320000e+15
1.145243323996656000e+15
1.145243354096992000e+15
1.145243384197328000e+15
1.145243414297658750e+15
1.145243444397994750e+15
1.145243474498325250e+15
1.145243504598661250e+15
1.145243534698992000e+15
1.145243564799328000e+15
1.145243594899664000e+15
1.145243625000000000e+15
1.145243655100336000e+15
1.145243685200672000e+15
1.145243715301008000e+15
1.145243745401338750e+15
1.145243775501674750e+15
1.145243805602005250e+15
1.145243835702341250e+15
1.145243865802672000e+15
1.145243895903008000e+15
1.145243926003344000e+15
1.145243956103680000e+15
1.145243986204016000e+15
1.145244016304352000e+15
1.145244046404688000e+15
1.145244076505018750e+15
1.145244106605354750e+15
1.145244136705685250e+15
1.145244166806021250e+15
1.145244196906352000e+15
1.145244227006688000e+15
1.145244257107024000e+15
1.145244287207360000e+15
1.145244317307696000e+15
1.145244347408026750e+15
1.145244377508362750e+15
1.145244407608693250e+15
1.145244437709029250e+15
1.145244467809360000e+15
1.145244497909696000e+15
1.145244528010032000e+15
1.145244558110368000e+15
1.145244588210704000e+15
1.145244618311040000e+15
1.145244648411376000e+15
1.145244678511706750e+15
1.145244708612042750e+15
1.145244738712373250e+15
1.145244768812709250e+15
1.145244798913040000e+15
1.145244829013376000e+15
1.145244859113712000e+15
1.145244889214048000e+15
1.145244919314384000e+15
1.145244949414714750e+15
1.145244979515050750e+15
1.145245009615381250e+15
1.145245039715717250e+15
1.145245069816048000e+15
1.145245099916384000e+15
1.145245130016720000e+15
1.145245160117056000e+15
1.145245190217392000e+15
1.145245220317728000e+15
1.145245250418064000e+15
1.145245280518394750e+15
1.145245310618730750e+15
1.145245340719061250e+15
1.145245370819397250e+15
1.145245400919728000e+15
1.145245431020064000e+15
1.145245461120400000e+15
1.145245491220736000e+15
1.145245521321072000e+15
1.145245551421408000e+15
1.145245581521744000e+15
1.145245611622074750e+15
1.145245641722410750e+15
1.145245671822741250e+15
1.145245701923077250e+15
1.145245732023408000e+15
1.145245762123744000e+15
1.145245792224080000e+15
1.145245822324416000e+15
1.145245852424752000e+15
1.145245882525082750e+15
1.145245912625418750e+15
1.145245942725749250e+15
1.145245972826085250e+15
1.145246002926416000e+15
1.145246033026752000e+15
1.145246063127088000e+15
1.145246093227424000e+15
1.145246123327760000e+15
1.145246153428096000e+15
1.145246183528432000e+15
1.145246213628762750e+15
1.145246243729098750e+15
1.145246273829429250e+15
1.145246303929765250e+15
1.145246334030096000e+15
1.145246364130432000e+15
1.145246394230768000e+15
1.145246424331104000e+15
1.145246454431440000e+15
1.145246484531776000e+15
1.145246514632112000e+15
1.145246544732442750e+15
1.145246574832778750e+15
1.145246604933109250e+15
1.145246635033445250e+15
1.145246665133781250e+15
1.145246695234112000e+15
1.145246725334448000e+15
1.145246755434784000e+15
1.145246785535125250e+15
1.145246815635456000e+15
1.145246845735786750e+15
1.145246875836128000e+15
1.145246905936458750e+15
1.145246936036789250e+15
1.145246966137120000e+15
1.145246996237461250e+15
1.145247026337792000e+15
1.145247056438122750e+15
1.145247086538464000e+15
1.145247116638794750e+15
1.145247146739125250e+15
1.145247176839456000e+15
1.145247206939797250e+15
1.145247237040128000e+15
1.145247267140458750e+15
1.145247297240800000e+15
1.145247327341141250e+15
1.145247357441472000e+15
1.145247387541802750e+15
1.145247417642144000e+15
1.145247447742474750e+15
1.145247477842805250e+15
1.145247507943136000e+15
1.145247538043477250e+15
1.145247568143808000e+15
1.145247598244138750e+15
1.145247628344480000e+15
1.145247658444821250e+15
1.145247688545152000e+15
1.145247718645482750e+15
1.145247748745824000e+15
1.145247778846154750e+15
1.145247808946485250e+15
1.145247839046816000e+15
1.145247869147157250e+15
1.145247899247488000e+15
1.145247929347818750e+15
1.145247959448160000e+15
1.145247989548501250e+15
1.145248019648832000e+15
1.145248049749162750e+15
1.145248350752508500e+15
1.145248441053511750e+15
1.145248531354515250e+15
1.145248621655518250e+15
1.145248711956521750e+15
1.145248802257525000e+15
1.145248892558528250e+15
1.145248982859531500e+15
1.145249073160535000e+15
1.145249163461538250e+15
1.145249253762541750e+15
1.145249344063544750e+15
1.145249434364548000e+15
1.145249524665551250e+15
1.145249614966554750e+15
1.145249705267558250e+15
1.145249795568562000e+15
1.145249885869565250e+15
1.145249976170568750e+15
1.145250066471572000e+15
1.145250156772575250e+15
1.145250247073578750e+15
1.145250337374582000e+15
1.145250427675585250e+15
1.145250517976588750e+15
1.145250608277592000e+15
1.145250698578595250e+15
1.145250788879598000e+15
1.145250879180601250e+15
1.145250969481604750e+15
1.145251059782608750e+15
1.145251150083612000e+15
1.145251240384614750e+15
1.145251330685618750e+15
1.145251420986621250e+15
1.145251511287625250e+15
1.145251601588628000e+15
1.145251691889632000e+15
1.145251782190636000e+15
1.145251872491638750e+15
1.145251962792642750e+15
1.145252053093645250e+15
1.145252143394649250e+15
1.145252233695652000e+15
1.145252323996654750e+15
1.145252414297658750e+15
1.145252504598661250e+15
1.145252594899665250e+15
1.145252685200668000e+15
1.145252775501672000e+15
1.145252865802676000e+15
1.145252956103678750e+15
1.145253046404682750e+15
1.145253136705685250e+15
1.145253227006689250e+15
1.145253317307692000e+15
1.145253407608694750e+15
1.145253497909698750e+15
1.145253588210702750e+15
1.145253678511705250e+15
1.145253768812708000e+15
1.145253859113712000e+15
1.145253949414714750e+15
1.145254039715717250e+15
1.145254130016720000e+15
1.145254220317725250e+15
1.145254310618728000e+15
1.145254400919730750e+15
1.145254491220736000e+15
1.145254581521738750e+15
1.145254671822741250e+15
1.145254762123744000e+15
1.145254852424749250e+15
1.145254942725752000e+15
1.145255033026754750e+15
1.145255123327760000e+15
1.145255213628762750e+15
1.145255303929765250e+15
1.145255394230768000e+15
1.145255484531773250e+15
1.145255574832776000e+15
1.145255665133778750e+15
1.145255755434784000e+15
1.145255845735786750e+15
1.145255936036789250e+15
1.145256026337792000e+15
1.145256116638797250e+15
1.145256206939800000e+15
1.145256297240802750e+15
1.145256387541808000e+15
1.145256477842810750e+15
1.145256568143813250e+15
1.145256658444816000e+15
1.145256748745818750e+15
1.145256839046821250e+15
1.145256929347824000e+15
1.145257019648829250e+15
1.145257109949832000e+15
1.145257200250834750e+15
1.145257290551840000e+15
1.145257380852842750e+15
1.145257471153845250e+15
1.145257561454848000e+15
1.145257651755853250e+15
1.145257742056856000e+15
1.145257832357858750e+15
1.145257922658864000e+15
1.145258012959866750e+15
1.145258103260869250e+15
1.145258193561872000e+15
1.145258283862877250e+15
1.145258374163880000e+15
1.145258464464882750e+15
1.145258554765888000e+15
1.145258645066890750e+15
1.145258735367893250e+15
1.145258825668896000e+15
1.145258915969898750e+15
1.145259006270901250e+15
1.145259096571904000e+15
1.145259186872909250e+15
1.145259277173914750e+15
1.145259367474917250e+15
1.145259457775920000e+15
1.145259548076925250e+15
1.145259638377928000e+15
1.145259728678928000e+15
1.145259818979930750e+15
1.145259909280933250e+15
1.145259999581941250e+15
1.145260089882944000e+15
1.145260180183946750e+15
1.145260270484954750e+15
1.145260360785957250e+15
1.145260451086960000e+15
1.145260541387962750e+15
1.145260631688965250e+15
1.145260721989968000e+15
1.145260812290970750e+15
1.145260902591973250e+15
1.145260992892976000e+15
1.145261083193978750e+15
1.145261173494981250e+15
1.145261263795984000e+15
1.145261354096986750e+15
1.145261444397989250e+15
1.145261534698997250e+15
1.145261625000000000e+15
1.145261715301002750e+15
1.145261805602010750e+15
1.145261895903013250e+15
1.145261986204016000e+15
1.145262076505018750e+15
1.145262166806021250e+15
1.145262257107024000e+15
1.145262347408026750e+15
1.145262437709029250e+15
1.145262528010032000e+15
1.145262618311034750e+15
1.145262708612037250e+15
1.145262798913040000e+15
1.145262889214042750e+15
1.145262979515045250e+15
1.145263069816053250e+15
1.145263160117056000e+15
1.145263250418058750e+15
1.145263340719066750e+15
1.145263431020069250e+15
1.145263521321072000e+15
1.145263611622074750e+15
1.145263701923077250e+15
1.145263792224080000e+15
1.145263882525082750e+15
1.145263972826085250e+15
1.145264063127088000e+15
1.145264153428090750e+15
1.145264243729093250e+15
1.145264334030101250e+15
1.145264424331104000e+15
1.145264514632106750e+15
1.145264604933114750e+15
1.145264695234117250e+15
1.145264785535120000e+15
1.145264875836122750e+15
1.145264966137125250e+15
1.145265056438128000e+15
1.145265146739130750e+15
1.145265237040133250e+15
1.145265327341136000e+15
1.145265417642138750e+15
1.145265507943141250e+15
1.145265598244144000e+15
1.145265688545146750e+15
1.145265778846149250e+15
1.145265869147157250e+15
1.145265959448160000e+15
1.145266049749162750e+15
1.145266140050170750e+15
1.145266230351173250e+15
1.145266320652176000e+15
1.145266410953178750e+15
1.145266501254181250e+15
1.145266591555184000e+15
1.145266681856186750e+15
1.145266772157189250e+15
1.145266862458192000e+15
1.145266952759194750e+15
1.145267043060197250e+15
1.145267133361205250e+15
1.145267223662208000e+15
1.145267313963210750e+15
1.145267404264218750e+15
1.145267494565221250e+15
1.145267584866224000e+15
1.145267675167226750e+15
1.145267765468229250e+15
1.145267855769232000e+15
1.145267946070234750e+15
1.145268036371237250e+15
1.145268126672240000e+15
1.145268216973242750e+15
1.145268307274245250e+15
1.145268397575248000e+15
1.145268487876250750e+15
1.145268578177253250e+15
1.145268668478261250e+15
1.145268758779264000e+15
1.145268849080266750e+15
1.145268939381274750e+15
1.145269029682277250e+15
1.145269119983280000e+15
1.145269210284282750e+15
1.145269300585285250e+15
1.145269390886288000e+15
1.145269481187290750e+15
1.145269571488293250e+15
1.145269661789296000e+15
1.145269752090298750e+15
1.145269842391301250e+15
1.145269932692309250e+15
1.145270022993312000e+15
1.145270113294314750e+15
1.145270203595322750e+15
1.145270293896325250e+15
1.145270384197328000e+15
1.145270474498330750e+15
1.145270564799333250e+15
1.145270655100341250e+15
1.145270745401344000e+15
1.145270835702346750e+15
1.145270926003349250e+15
1.145271016304346750e+15
1.145271106605354750e+15
1.145271196906357250e+15
1.145271287207360000e+15
1.145271377508362750e+15
1.145271467809365250e+15
1.145271558110368000e+15
1.145271648411370750e+15
1.145271738712373250e+15
1.145271829013376000e+15
1.145271919314378750e+15
1.145272009615381250e+15
1.145272099916394750e+15
1.145272190217397250e+15
1.145272280518400000e+15
1.145272370819402750e+15
1.145272461120405250e+15
1.145272551421408000e+15
1.145272641722410750e+15
1.145272732023413250e+15
1.145272822324416000e+15
1.145272912625418750e+15
1.145273002926421250e+15
1.145273093227424000e+15
1.145273183528426750e+15
1.145273273829429250e+15
1.145273364130432000e+15
1.145273454431434750e+15
1.145273544732437250e+15
1.145273635033450750e+15
1.145273725334453250e+15
1.145273815635456000e+15
1.145273905936458750e+15
1.145273996237461250e+15
1.145274086538464000e+15
1.145274176839466750e+15
1.145274267140469250e+15
1.145274357441472000e+15
1.145274447742474750e+15
1.145274538043477250e+15
1.145274628344480000e+15
1.145274718645482750e+15
1.145274808946485250e+15
1.145274899247488000e+15
1.145218833165829250e+15
1.145218936432160750e+15
1.145219039698492250e+15
1.145219142964824250e+15
1.145219246231155750e+15
1.145219349497487250e+15
1.145219452763818750e+15
1.145219556030150500e+15
1.145219659296482250e+15
1.145219762562814000e+15
1.145219865829146000e+15
1.145219969095478000e+15
1.145220072361810000e+15
1.145220175628141250e+15
1.145220278894472750e+15
1.145220382160804000e+15
1.145220485427135250e+15
1.145220588693466750e+15
1.145220691959798000e+15
1.145220795226130000e+15
1.145220898492462000e+15
1.145221001758794000e+15
1.145221105025126000e+15
1.145221208291458000e+15
1.145221311557789250e+15
1.145221414824120750e+15
1.145221518090452750e+15
1.145221621356784750e+15
1.145221724623116000e+15
1.145221827889448000e+15
1.145221931155780000e+15
1.145222034422111250e+15
1.145222137688442750e+15
1.145222240954773250e+15
1.145222344221105250e+15
1.145222447487436000e+15
1.145222550753768000e+15
1.145222654020100000e+15
1.145222757286432000e+15
1.145222860552764000e+15
1.145222963819096000e+15
1.145223067085428000e+15
1.145223170351758750e+15
1.145223273618090750e+15
1.145223376884421250e+15
1.145223480150753250e+15
1.145223583417084000e+15
1.145223686683416000e+15
1.145223789949748000e+15
1.145223893216080000e+15
1.145223996482412000e+15
1.145224099748744000e+15
1.145224203015076000e+15
1.145224306281408000e+15
1.145224409547740000e+15
1.145224512814070750e+15
1.145224616080402750e+15
1.145224719346733250e+15
1.145224822613065250e+15
1.145224925879397250e+15
1.145225029145728000e+15
1.145225132412060000e+15
1.145225235678392000e+15
1.145225338944725250e+15
1.145225442211056000e+15
1.145225545477386750e+15
1.145225648743720000e+15
1.145225752010050750e+15
1.145225855276381250e+15
1.145225958542712000e+15
1.145226061809045250e+15
1.145226165075376000e+15
1.145226268341706750e+15
1.145226371608040000e+15
1.145226474874373250e+15
1.145226578140704000e+15
1.145226681407034750e+15
1.145226784673368000e+15
1.145226887939698750e+15
1.145226991206029250e+15
1.145227094472360000e+15
1.145227197738693250e+15
1.145227301005024000e+15
1.145227404271354750e+15
1.145227507537688000e+15
1.145227610804021250e+15
1.145227714070352000e+15
1.145227817336682750e+15
1.145227920603016000e+15
1.145228023869346750e+15
1.145228127135677250e+15
1.145228230402008000e+15
1.145228333668341250e+15
1.145228436934672000e+15
1.145228540201002750e+15
1.145228643467336000e+15
1.145228746733669250e+15
1.145228850000000000e+15
1.145228953266330750e+15
1.145229056532664000e+15
1.145229159798997250e+15
1.145229263065328000e+15
1.145229366331658750e+15
1.145229469597992000e+15
1.145229572864322750e+15
1.145229676130653250e+15
1.145229779396984000e+15
1.145229882663317250e+15
1.145229985929648000e+15
1.145230089195978750e+15
1.145230192462312000e+15
1.145230295728645250e+15
1.145230398994976000e+15
1.145230502261306750e+15
1.145230605527640000e+15
1.145230708793970750e+15
1.145230812060301250e+15
1.145230915326632000e+15
1.145231018592965250e+15
1.145231121859296000e+15
1.145231225125629250e+15
1.145231328391962750e+15
1.145231431658296000e+15
1.145231534924629250e+15
1.145231638190957250e+15
1.145231741457288000e+15
1.145231844723616000e+15
1.145231947989946750e+15
1.145232051256277250e+15
1.145232154522608000e+15
1.145232257788944000e+15
1.145232361055280000e+15
1.145232464321610750e+15
1.145232567587941250e+15
1.145232670854272000e+15
1.145232774120602750e+15
1.145232877386933250e+15
1.145232980653264000e+15
1.145233083919600000e+15
1.145233187185930750e+15
1.145233290452261250e+15
1.145233393718592000e+15
1.145233496984922750e+15
1.145233600251253250e+15
1.145233703517584000e+15
1.145233806783920000e+15
1.145233910050256000e+15
1.145234013316586750e+15
1.145234116582917250e+15
1.145234219849248000e+15
1.145234323115578750e+15
1.145234426381909250e+15
1.145234529648240000e+15
1.145234632914576000e+15
1.145234736180906750e+15
1.145234839447237250e+15
1.145234942713568000e+15
1.145235045979898750e+15
1.145235149246229250e+15
1.145235252512560000e+15
1.145235355778896000e+15
1.145235459045226750e+15
1.145235562311557250e+15
1.145235665577888000e+15
1.145235768844218750e+15
1.145235872110549250e+15
1.145235975376880000e+15
1.145236078643216000e+15
1.145236181909552000e+15
1.145236285175882750e+15
1.145236388442213250e+15
1.145236491708544000e+15
1.145236594974874750e+15
1.145236698241205250e+15
1.145236801507536000e+15
1.145236904773872000e+15
1.145237008040202750e+15
1.145237111306533250e+15
1.145237214572864000e+15
1.145237317839194750e+15
1.145237421105525250e+15
1.145237524371856000e+15
1.145237627638192000e+15
1.145237730904522750e+15
1.145237834170853250e+15
1.145237937437184000e+15
1.145238040703514750e+15
1.145238143969845250e+15
1.145238247236176000e+15
1.145238350502512000e+15
1.145238453768848000e+15
1.145238557035178750e+15
1.145238660301509250e+15
1.145238763567840000e+15
1.145238866834170750e+15
1.145269375477099250e+15
1.145269475667939000e+15
1.145269575858778750e+15
1.145269676049618250e+15
1.145269776240458250e+15
1.145269876431297750e+15
1.145269976622137250e+15
1.145270076812977000e+15
1.145270177003816750e+15
1.145270277194656250e+15
1.145270377385496000e+15
1.145270477576336000e+15
1.145270577767176000e+15
1.145270677958016000e+15
1.145270778148856000e+15
1.145270878339696000e+15
1.145270978530535250e+15
1.145271078721374750e+15
1.145271178912214000e+15
1.145271279103053250e+15
1.145271379293892750e+15
1.145271479484732000e+15
1.145271579675572000e+15
1.145271679866412000e+15
1.145271780057252000e+15
1.145271880248092000e+15
1.145271980438932000e+15
1.145272080629772000e+15
1.145272180820612000e+15
1.145272281011452000e+15
1.145272381202292000e+15
1.145272481393132000e+15
1.145272581583972000e+15
1.145272681774812000e+15
1.145272781965652000e+15
1.145272882156490750e+15
1.145272982347329250e+15
1.145273082538168000e+15
1.145273182729006750e+15
1.145273282919845250e+15
1.145273383110684000e+15
1.145273483301524000e+15
1.145273583492364000e+15
1.145273683683204000e+15
1.145273783874044000e+15
1.145273884064884000e+15
1.145273984255724000e+15
1.145274084446564000e+15
1.145274184637404000e+15
1.145274284828244000e+15
1.145274385019084000e+15
1.145274485209924000e+15
1.145274585400764000e+15
1.145274685591604000e+15
1.145274785782444000e+15
1.145274885973284000e+15
1.145274986164124000e+15
1.145275086354962750e+15
1.145275186545801250e+15
1.145275286736641250e+15
1.145275386927480000e+15
1.145275487118320000e+15
1.145275587309158750e+15
1.145275687500000000e+15
1.145275787690840000e+15
1.145275887881680000e+15
1.145275988072520000e+15
1.145276088263360000e+15
1.145276188454200000e+15
1.145276288645040000e+15
1.145276388835880000e+15
1.145276489026720000e+15
1.145276589217560000e+15
1.145276689408400000e+15
1.145276789599240000e+15
1.145276889790077250e+15
1.145276989980917250e+15
1.145277090171754750e+15
1.145277190362594750e+15
1.145277290553432000e+15
1.145277390744272000e+15
1.145277490935112000e+15
1.145277591125952000e+15
1.145277691316792000e+15
1.145277791507632000e+15
1.145277891698472000e+15
1.145277991889312000e+15
1.145278092080152000e+15
1.145278192270992000e+15
1.145278292461832000e+15
1.145278392652672000e+15
1.145278492843512000e+15
1.145278593034352000e+15
1.145278693225192000e+15
1.145278793416032000e+15
1.145278893606872000e+15
1.145278993797712000e+15
1.145279093988552000e+15
1.145279194179392000e+15
1.145279294370232000e+15
1.145279394561072000e+15
1.145279494751912000e+15
1.145279594942749250e+15
1.145279695133589250e+15
1.145279795324426750e+15
1.145279895515266750e+15
1.145279995706104000e+15
1.145280095896944000e+15
1.145280196087784000e+15
1.145280296278624000e+15
1.145280396469464000e+15
1.145280496660304000e+15
1.145280596851144000e+15
1.145280697041984000e+15
1.145280797232824000e+15
1.145280897423664000e+15
1.145280997614504000e+15
1.145281097805344000e+15
1.145281197996184000e+15
1.145281298187024000e+15
1.145281398377864000e+15
1.145281498568701250e+15
1.145281598759541250e+15
1.145281698950381250e+15
1.145281799141224000e+15
1.145281899332061250e+15
1.145281999522901250e+15
1.145282099713744000e+15
1.145282199904581250e+15
1.145282300095418750e+15
1.145282400286256000e+15
1.145282500477098750e+15
1.145282600667936000e+15
1.145282700858773250e+15
1.145282801049616000e+15
1.145282901240458750e+15
1.145283001431296000e+15
1.145283101622133250e+15
1.145283201812976000e+15
1.145283302003818750e+15
1.145283402194656000e+15
1.145283502385493250e+15
1.145283602576336000e+15
1.145283702767178750e+15
1.145283802958016000e+15
1.145283903148853250e+15
1.145284003339696000e+15
1.145284103530538750e+15
1.145284203721376000e+15
1.145284303912213250e+15
1.145284404103056000e+15
1.145284504293898750e+15
1.145284604484736000e+15
1.145284704675573250e+15
1.145284804866416000e+15
1.145284905057253250e+15
1.145285005248090750e+15
1.145285105438928000e+15
1.145285205629770750e+15
1.145285305820608000e+15
1.145285406011445250e+15
1.145285506202288000e+15
1.145285606393130750e+15
1.145285706583968000e+15
1.145285806774805250e+15
1.145285906965648000e+15
1.145286007156490750e+15
1.145286107347328000e+15
1.145286207538165250e+15
1.145286307729008000e+15
1.145286407919850750e+15
1.145286508110688000e+15
1.145286608301525250e+15
1.145286708492368000e+15
1.145286808683210750e+15
1.145286908874048000e+15
1.145287009064885250e+15
1.145287109255728000e+15
1.145287209446570750e+15
1.145287309637408000e+15
1.145287409828245250e+15
1.145287510019088000e+15
1.145287610209925250e+15
1.145287710400762750e+15
1.145287810591600000e+15
1.145287910782442750e+15
1.145288010973280000e+15
1.145288111164117250e+15
1.145288211354960000e+15
1.145288311545802750e+15
1.145288411736640000e+15
1.145288511927477250e+15
1.145288612118320000e+15
1.145288712309162750e+15
1.145288812500000000e+15
1.145288912690837250e+15
1.145289012881680000e+15
1.145289113072522750e+15
1.145289213263360000e+15
1.145289313454197250e+15
1.145289413645040000e+15
1.145289513835882750e+15
1.145289614026720000e+15
1.145289714217557250e+15
1.145289814408400000e+15
1.145289914599242750e+15
1.145290014790080000e+15
1.145290114980917250e+15
1.145290215171760000e+15
1.145290315362597250e+15
1.145290415553434750e+15
1.145290515744272000e+15
1.145290615935114750e+15
1.145290716125952000e+15
1.145290816316789250e+15
1.145290916507632000e+15
1.145291016698474750e+15
1.145291116889312000e+15
1.145291217080149250e+15
1.145291317270992000e+15
1.145291417461834750e+15
1.145291517652672000e+15
1.145291617843509250e+15
1.145291718034352000e+15
1.145291818225194750e+15
1.145291918416032000e+15
1.145292018606869250e+15
1.145292118797712000e+15
1.145292218988554750e+15
1.145292319179392000e+15
1.145292419370229250e+15
1.145292519561072000e+15
1.145292619751909250e+15
1.145292719942746750e+15
1.145292820133584000e+15
1.145292920324426750e+15
1.145293020515264000e+15
1.145293120706101250e+15
1.145293220896944000e+15
1.145293321087786750e+15
1.145293421278624000e+15
1.145293521469461250e+15
1.145293621660304000e+15
1.145293721851146750e+15
1.145293822041984000e+15
1.145293922232821250e+15
1.145294022423658750e+15
1.145294122614496000e+15
1.145294222805333250e+15
1.145294322996170750e+15
1.145294423187013250e+15
1.145294523377856000e+15
1.145294623568704000e+15
1.145294723759552000e+15
1.145294823950389250e+15
1.145294924141226750e+15
1.145295024332064000e+15
1.145295124522901250e+15
1.145295224713738750e+15
1.145295324904576000e+15
1.145295425095424000e+15
1.145295525286261250e+15
1.145295625477098750e+15
1.145295725667936000e+15
1.145295825858773250e+15
1.145295926049610750e+15
1.145296026240448000e+15
1.145296126431296000e+15
1.145296226622144000e+15
1.145296326812981250e+15
1.145296427003818750e+15
1.145296527194656000e+15
1.145296627385493250e+15
1.145296727576330750e+15
1.145296827767168000e+15
1.145296927958016000e+15
1.145297028148864000e+15
1.145297128339701250e+15
1.145297228530538750e+15
1.145297328721376000e+15
1.145297428912213250e+15
1.145297529103050750e+15
1.145297629293888000e+15
1.145297729484736000e+15
1.145297829675573250e+15
1.145297929866410750e+15
1.145298030057248000e+15
1.145298130248085250e+15
1.145298230438922750e+15
1.145298330629760000e+15
1.145298430820608000e+15
1.145298531011456000e+15
1.145298631202293250e+15
1.145298731393130750e+15
1.145298831583968000e+15
1.145298931774805250e+15
1.145299031965642750e+15
1.145299132156480000e+15
1.145299232347328000e+15
1.145299332538176000e+15
1.145299432729013250e+15
1.145299532919850750e+15
1.145299633110688000e+15
1.145299733301525250e+15
1.145299833492362750e+15
1.145299933683200000e+15
1.145300033874048000e+15
1.145300134064896000e+15
1.145300234255733250e+15
1.145300334446570750e+15
1.145300434637408000e+15
1.145300534828245250e+15
1.145300635019082750e+15
1.145300735209920000e+15
1.145300835400768000e+15
1.145300935591605250e+15
1.145301035782442750e+15
1.145301135973280000e+15
1.145301236164117250e+15
1.145301336354954750e+15
1.145301436545792000e+15
1.145301536736640000e+15
1.145301636927488000e+15
1.145301737118325250e+15
1.145301837309162750e+15
1.145301937500000000e+15
1.145302037690837250e+15
1.145302137881674750e+15
1.145302238072512000e+15
1.145302338263360000e+15
1.145302438454208000e+15
1.145302538645045250e+15
1.145302638835882750e+15
1.145302739026720000e+15
1.145302839217557250e+15
1.145302939408394750e+15
1.145303039599232000e+15
1.145303139790080000e+15
1.145303239980917250e+15
1.145303340171754750e+15
1.145303440362592000e+15
1.145303540553429250e+15
1.145303640744266750e+15
1.145303740935104000e+15
1.145303841125952000e+15
1.145303941316800000e+15
1.145304041507637250e+15
1.145304141698474750e+15
1.145304241889312000e+15
1.145304342080149250e+15
1.145304442270986750e+15
1.145304542461824000e+15
1.145304642652672000e+15
1.145304742843520000e+15
1.145304843034357250e+15
1.145304943225194750e+15
1.145305043416032000e+15
1.145305143606869250e+15
1.145305243797706750e+15
1.145305343988544000e+15
1.145305444179392000e+15
1.145305544370240000e+15
1.145305644561077250e+15
1.145305744751914750e+15
1.145305844942752000e+15
1.145305945133589250e+15
1.145306045324426750e+15
1.145306145515264000e+15
1.145306245706112000e+15
1.145306345896949250e+15
1.145306446087786750e+15
1.145306546278624000e+15
1.145306646469461250e+15
1.145306746660298750e+15
1.145306846851136000e+15
1.145306947041984000e+15
1.145307047232832000e+15
1.145307147423669250e+15
1.145307247614506750e+15
1.145307347805344000e+15
1.145307447996181250e+15
1.145307548187018750e+15
1.145307648377856000e+15
1.145307748568704000e+15
1.145307848759552000e+15
1.145307948950389250e+15
1.145308049141226750e+15
1.145308149332064000e+15
1.145308249522901250e+15
1.145308349713738750e+15
1.145308449904576000e+15
1.145308550095424000e+15
1.145308650286261250e+15
1.145308750477098750e+15
1.145308850667936000e+15
1.145308950858773250e+15
1.145309051049610750e+15
1.145309151240448000e+15
1.145309251431296000e+15
1.145309351622144000e+15
1.145309451812981250e+15
1.145309552003818750e+15
1.145309652194656000e+15
1.145309752385493250e+15
1.145309852576330750e+15
1.145309952767168000e+15
1.145310052958016000e+15
1.145310153148864000e+15
1.145310253339701250e+15
1.145310353530538750e+15
1.145310453721376000e+15
1.145310553912213250e+15
1.145310654103050750e+15
1.145310754293888000e+15
1.145310854484736000e+15
1.145310954675573250e+15
1.145311054866410750e+15
1.145311155057248000e+15
1.145311255248085250e+15
1.145311355438922750e+15
1.145311455629760000e+15
1.145311555820608000e+15
1.145311656011456000e+15
1.145311756202293250e+15
1.145311856393130750e+15
1.145311956583968000e+15
1.145312056774805250e+15
1.145312156965642750e+15
1.145312257156480000e+15
1.145312357347328000e+15
1.145312457538176000e+15
1.145312557729013250e+15
1.145312657919850750e+15
1.145312758110688000e+15
1.145312858301525250e+15
1.145312958492362750e+15
1.145313058683200000e+15
1.145313158874048000e+15
1.145313259064896000e+15
1.145313359255733250e+15
1.145313459446570750e+15
1.145313559637408000e+15
1.145313659828245250e+15
1.145313760019082750e+15
1.145313860209920000e+15
1.145313960400768000e+15
1.145314060591605250e+15
1.145314160782442750e+15
1.145314260973280000e+15
1.145314361164117250e+15
1.145314461354954750e+15
1.145314561545792000e+15
1.145314661736640000e+15
1.145314761927488000e+15
1.145314862118325250e+15
1.145314962309162750e+15
1.145315062500000000e+15
1.145315162690837250e+15
1.145315262881674750e+15
1.145315363072512000e+15
1.145315463263360000e+15
1.145315563454208000e+15
1.145315663645045250e+15
1.145315763835882750e+15
1.145315864026720000e+15
1.145315964217557250e+15
1.145316064408394750e+15
1.145316164599232000e+15
1.145316264790080000e+15
1.145316364980917250e+15
1.145316465171754750e+15
1.145316565362592000e+15
1.145316665553429250e+15
1.145316765744266750e+15
1.145316865935104000e+15
1.145316966125952000e+15
1.145317066316800000e+15
1.145317166507637250e+15
1.145317266698474750e+15
1.145317366889312000e+15
1.145317467080149250e+15
1.145317567270986750e+15
1.145317667461824000e+15
1.145317767652672000e+15
1.145317867843520000e+15
1.145317968034357250e+15
1.145318068225194750e+15
1.145318168416032000e+15
1.145318268606869250e+15
1.145318368797706750e+15
1.145318468988544000e+15
1.145318569179392000e+15
1.145318669370240000e+15
1.145318769561077250e+15
1.145318869751914750e+15
1.145318969942752000e+15
1.145319070133589250e+15
1.145319170324426750e+15
1.145319270515253250e+15
1.145319370706101250e+15
1.145319470896949250e+15
1.145319571087797250e+15
1.145319671278645250e+15
1.145319771469493250e+15
1.145319871660330750e+15
1.145319971851157250e+15
1.145320072041984000e+15
1.145320172232810750e+15
1.145320272423637250e+15
1.145320372614464000e+15
1.145320472805312000e+15
1.145320572996160000e+15
1.145320673187008000e+15
1.145320773377856000e+15
1.145320873568704000e+15
1.145320973759552000e+15
1.145321073950400000e+15
1.145321174141248000e+15
1.145321274332096000e+15
1.145321374522922750e+15
1.145165875477099250e+15
1.145165975667939000e+15
1.145166075858778750e+15
1.145166176049618250e+15
1.145166276240458250e+15
1.145166376431297750e+15
1.145166476622137250e+15
1.145166576812977000e+15
1.145166677003816750e+15
1.145166777194656250e+15
1.145166877385496000e+15
1.145166977576336000e+15
1.145167077767176000e+15
1.145167177958016000e+15
1.145167278148856000e+15
1.145167378339696000e+15
1.145167478530535250e+15
1.145167578721374750e+15
1.145167678912214000e+15
1.145167779103053250e+15
1.145167879293892750e+15
1.145167979484732000e+15
1.145168079675572000e+15
1.145168179866412000e+15
1.145168280057252000e+15
1.145168380248092000e+15
1.145168480438932000e+15
1.145168580629772000e+15
1.145168680820612000e+15
1.145168781011452000e+15
1.145168881202292000e+15
1.145168981393132000e+15
1.145169081583972000e+15
1.145169181774812000e+15
1.145169281965652000e+15
1.145169382156490750e+15
1.145169482347329250e+15
1.145169582538168000e+15
1.145169682729006750e+15
1.145169782919845250e+15
1.145169883110684000e+15
1.145169983301524000e+15
1.145170083492364000e+15
1.145170183683204000e+15
1.145170283874044000e+15
1.145170384064884000e+15
1.145170484255724000e+15
1.145170584446564000e+15
1.145170684637404000e+15
1.145170784828244000e+15
1.145170885019084000e+15
1.145170985209924000e+15
1.145171085400764000e+15
1.145171185591604000e+15
1.145171285782444000e+15
1.145171385973284000e+15
1.145171486164124000e+15
1.145171586354962750e+15
1.145171686545801250e+15
1.145171786736641250e+15
1.145171886927480000e+15
1.145171987118320000e+15
1.145172087309158750e+15
1.145172187500000000e+15
1.145172287690840000e+15
1.145172387881680000e+15
1.145172488072520000e+15
1.145172588263360000e+15
1.145172688454200000e+15
1.145172788645040000e+15
1.145172888835880000e+15
1.145172989026720000e+15
1.145173089217560000e+15
1.145173189408400000e+15
1.145173289599240000e+15
1.145173389790077250e+15
1.145173489980917250e+15
1.145173590171754750e+15
1.145173690362594750e+15
1.145173790553432000e+15
1.145173890744272000e+15
1.145173990935112000e+15
1.145174091125952000e+15
1.145174191316792000e+15
1.145174291507632000e+15
1.145174391698472000e+15
1.145174491889312000e+15
1.145174592080152000e+15
1.145174692270992000e+15
1.145174792461832000e+15
1.145174892652672000e+15
1.145174992843512000e+15
1.145175093034352000e+15
1.145175193225192000e+15
1.145175293416032000e+15
1.145175393606872000e+15
1.145175493797712000e+15
1.145175593988552000e+15
1.145175694179392000e+15
1.145175794370232000e+15
1.145175894561072000e+15
1.145175994751912000e+15
1.145176094942749250e+15
1.145176195133589250e+15
1.145176295324426750e+15
1.145176395515266750e+15
1.145176495706104000e+15
1.145176595896944000e+15
1.145176696087784000e+15
1.145176796278624000e+15
1.145176896469464000e+15
1.145176996660304000e+15
1.145177096851144000e+15
1.145177197041984000e+15
1.145177297232824000e+15
1.145177397423664000e+15
1.145177497614504000e+15
1.145177597805344000e+15
1.145177697996184000e+15
1.145177798187024000e+15
1.145177898377864000e+15
1.145177998568701250e+15
1.145178098759541250e+15
1.145178198950381250e+15
1.145178299141224000e+15
1.145178399332061250e+15
1.145178499522901250e+15
1.145178599713744000e+15
1.145178699904581250e+15
1.145178800095418750e+15
1.145178900286256000e+15
1.145179000477098750e+15
1.145179100667936000e+15
1.145179200858773250e+15
1.145179301049616000e+15
1.145179401240458750e+15
1.145179501431296000e+15
1.145179601622133250e+15
1.145179701812976000e+15
1.145179802003818750e+15
1.145179902194656000e+15
1.145180002385493250e+15
1.145180102576336000e+15
1.145180202767178750e+15
1.145180302958016000e+15
1.145180403148853250e+15
1.145180503339696000e+15
1.145180603530538750e+15
1.145180703721376000e+15
1.145180803912213250e+15
1.145180904103056000e+15
1.145181004293898750e+15
1.145181104484736000e+15
1.145181204675573250e+15
1.145181304866416000e+15
1.145181405057253250e+15
1.145181505248090750e+15
1.145181605438928000e+15
1.145181705629770750e+15
1.145181805820608000e+15
1.145181906011445250e+15
1.145182006202288000e+15
1.145182106393130750e+15
1.145182206583968000e+15
1.145182306774805250e+15
1.145182406965648000e+15
1.145182507156490750e+15
1.145182607347328000e+15
1.145182707538165250e+15
1.145182807729008000e+15
1.145182907919850750e+15
1.145183008110688000e+15
1.145183108301525250e+15
1.145183208492368000e+15
1.145183308683210750e+15
1.145183408874048000e+15
1.145183509064885250e+15
1.145183609255728000e+15
1.145183709446570750e+15
1.145183809637408000e+15
1.145183909828245250e+15
1.145184010019088000e+15
1.145184110209925250e+15
1.145184210400762750e+15
1.145184310591600000e+15
1.145184410782442750e+15
1.145184510973280000e+15
1.145184611164117250e+15
1.145184711354960000e+15
1.145184811545802750e+15
1.145184911736640000e+15
1.145185011927477250e+15
1.145185112118320000e+15
1.145185212309162750e+15
1.145185312500000000e+15
1.145185412690837250e+15
1.145185512881680000e+15
1.145185613072522750e+15
1.145185713263360000e+15
1.145185813454197250e+15
1.145185913645040000e+15
1.145186013835882750e+15
1.145186114026720000e+15
1.145186214217557250e+15
1.145186314408400000e+15
1.145186414599242750e+15
1.145186514790080000e+15
1.145186614980917250e+15
1.145186715171760000e+15
1.145186815362597250e+15
1.145186915553434750e+15
1.145187015744272000e+15
1.145187115935114750e+15
1.145187216125952000e+15
1.145187316316789250e+15
1.145187416507632000e+15
1.145187516698474750e+15
1.145187616889312000e+15
1.145187717080149250e+15
1.145187817270992000e+15
1.145187917461834750e+15
1.145188017652672000e+15
1.145188117843509250e+15
1.145188218034352000e+15
1.145188318225194750e+15
1.145188418416032000e+15
1.145188518606869250e+15
1.145188618797712000e+15
1.145188718988554750e+15
1.145188819179392000e+15
1.145188919370229250e+15
1.145189019561072000e+15
1.145189119751909250e+15
1.145189219942746750e+15
1.145189320133584000e+15
1.145189420324426750e+15
1.145189520515264000e+15
1.145189620706101250e+15
1.145189720896944000e+15
1.145189821087786750e+15
1.145189921278624000e+15
1.145190021469461250e+15
1.145190121660304000e+15
1.145190221851146750e+15
1.145190322041984000e+15
1.145190422232821250e+15
1.145190522423658750e+15
1.145190622614496000e+15
1.145190722805333250e+15
1.145190822996170750e+15
1.145190923187013250e+15
1.145191023377856000e+15
1.145191123568704000e+15
1.145191223759552000e+15
1.145191323950389250e+15
1.145191424141226750e+15
1.145191524332064000e+15
1.145191624522901250e+15
1.145191724713738750e+15
1.145191824904576000e+15
1.145191925095424000e+15
1.145192025286261250e+15
1.145192125477098750e+15
1.145192225667936000e+15
1.145192325858773250e+15
1.145192426049610750e+15
1.145192526240448000e+15
1.145192626431296000e+15
1.145192726622144000e+15
1.145192826812981250e+15
1.145192927003818750e+15
1.145193027194656000e+15
1.145193127385493250e+15
1.145193227576330750e+15
1.145193327767168000e+15
1.145193427958016000e+15
1.145193528148864000e+15
1.145193628339701250e+15
1.145193728530538750e+15
1.145193828721376000e+15
1.145193928912213250e+15
1.145194029103050750e+15
1.145194129293888000e+15
1.145194229484736000e+15
1.145194329675573250e+15
1.145194429866410750e+15
1.145194530057248000e+15
1.145194630248085250e+15
1.145194730438922750e+15
1.145194830629760000e+15
1.145194930820608000e+15
1.145195031011456000e+15
1.145195131202293250e+15
1.145195231393130750e+15
1.145195331583968000e+15
1.145195431774805250e+15
1.145195531965642750e+15
1.145195632156480000e+15
1.145195732347328000e+15
1.145195832538176000e+15
1.145195932729013250e+15
1.145196032919850750e+15
1.145196133110688000e+15
1.145196233301525250e+15
1.145196333492362750e+15
1.145196433683200000e+15
1.145196533874048000e+15
1.145196634064896000e+15
1.145196734255733250e+15
1.145196834446570750e+15
1.145196934637408000e+15
1.145197034828245250e+15
1.145197135019082750e+15
1.145197235209920000e+15
1.145197335400768000e+15
1.145197435591605250e+15
1.145197535782442750e+15
1.145197635973280000e+15
1.145197736164117250e+15
1.145197836354954750e+15
1.145197936545792000e+15
1.145198036736640000e+15
1.145198136927488000e+15
1.145198237118325250e+15
1.145198337309162750e+15
1.145198437500000000e+15
1.145198537690837250e+15
1.145198637881674750e+15
1.145198738072512000e+15
1.145198838263360000e+15
1.145198938454208000e+15
1.145199038645045250e+15
1.145199138835882750e+15
1.145199239026720000e+15
1.145199339217557250e+15
1.145199439408394750e+15
1.145199539599232000e+15
1.145199639790080000e+15
1.145199739980917250e+15
1.145199840171754750e+15
1.145199940362592000e+15
1.145200040553429250e+15
1.145200140744266750e+15
1.145200240935104000e+15
1.145200341125952000e+15
1.145200441316800000e+15
1.145200541507637250e+15
1.145200641698474750e+15
1.145200741889312000e+15
1.145200842080149250e+15
1.145200942270986750e+15
1.145201042461824000e+15
1.145201142652672000e+15
1.145201242843520000e+15
1.145201343034357250e+15
1.145201443225194750e+15
1.145201543416032000e+15
1.145201643606869250e+15
1.145201743797706750e+15
1.145201843988544000e+15
1.145201944179392000e+15
1.145202044370240000e+15
1.145202144561077250e+15
1.145202244751914750e+15
1.145202344942752000e+15
1.145202445133589250e+15
1.145202545324426750e+15
1.145202645515264000e+15
1.145202745706112000e+15
1.145202845896949250e+15
1.145202946087786750e+15
1.145203046278624000e+15
1.145203146469461250e+15
1.145203246660298750e+15
1.145203346851136000e+15
1.145203447041984000e+15
1.145203547232832000e+15
1.145203647423669250e+15
1.145203747614506750e+15
1.145203847805344000e+15
1.145203947996181250e+15
1.145204048187018750e+15
1.145204148377856000e+15
1.145204248568704000e+15
1.145204348759552000e+15
1.145204448950389250e+15
1.145204549141226750e+15
1.145204649332064000e+15
1.145204749522901250e+15
1.145204849713738750e+15
1.145204949904576000e+15
1.145205050095424000e+15
1.145205150286261250e+15
1.145205250477098750e+15
1.145205350667936000e+15
1.145205450858773250e+15
1.145205551049610750e+15
1.145205651240448000e+15
1.145205751431296000e+15
1.145205851622144000e+15
1.145205951812981250e+15
1.145206052003818750e+15
1.145206152194656000e+15
1.145206252385493250e+15
1.145206352576330750e+15
1.145206452767168000e+15
1.145206552958016000e+15
1.145206653148864000e+15
1.145206753339701250e+15
1.145206853530538750e+15
1.145206953721376000e+15
1.145207053912213250e+15
1.145207154103050750e+15
1.145207254293888000e+15
1.145207354484736000e+15
1.145207454675573250e+15
1.145207554866410750e+15
1.145207655057248000e+15
1.145207755248085250e+15
1.145207855438922750e+15
1.145207955629760000e+15
1.145208055820608000e+15
1.145208156011456000e+15
1.145208256202293250e+15
1.145208356393130750e+15
1.145208456583968000e+15
1.145208556774805250e+15
1.145208656965642750e+15
1.145208757156480000e+15
1.145208857347328000e+15
1.145208957538176000e+15
1.145209057729013250e+15
1.145209157919850750e+15
1.145209258110688000e+15
1.145209358301525250e+15
1.145209458492362750e+15
1.145209558683200000e+15
1.145209658874048000e+15
1.145209759064896000e+15
1.145209859255733250e+15
1.145209959446570750e+15
1.145210059637408000e+15
1.145210159828245250e+15
1.145210260019082750e+15
1.145210360209920000e+15
1.145210460400768000e+15
1.145210560591605250e+15
1.145210660782442750e+15
1.145210760973280000e+15
1.145210861164117250e+15
1.145210961354954750e+15
1.145211061545792000e+15
1.145211161736640000e+15
1.145211261927488000e+15
1.145211362118325250e+15
1.145211462309162750e+15
1.145211562500000000e+15
1.145211662690837250e+15
1.145211762881674750e+15
1.145211863072512000e+15
1.145211963263360000e+15
1.145212063454208000e+15
1.145212163645045250e+15
1.145212263835882750e+15
1.145212364026720000e+15
1.145212464217557250e+15
1.145212564408394750e+15
1.145212664599232000e+15
1.145212764790080000e+15
1.145212864980917250e+15
1.145212965171754750e+15
1.145213065362592000e+15
1.145213165553429250e+15
1.145213265744266750e+15
1.145213365935104000e+15
1.145213466125952000e+15
1.145213566316800000e+15
1.145213666507637250e+15
1.145213766698474750e+15
1.145213866889312000e+15
1.145213967080149250e+15
1.145214067270986750e+15
1.145214167461824000e+15
1.145214267652672000e+15
1.145214367843520000e+15
1.145214468034357250e+15
1.145214568225194750e+15
1.145214668416032000e+15
1.145214768606869250e+15
1.145214868797706750e+15
1.145214968988544000e+15
1.145215069179392000e+15
1.145215169370240000e+15
1.145215269561077250e+15
1.145215369751914750e+15
1.145215469942752000e+15
1.145215570133589250e+15
1.145215670324426750e+15
1.145215770515253250e+15
1.145215870706101250e+15
1.145215970896949250e+15
1.145216071087797250e+15
1.145216171278645250e+15
1.145216271469493250e+15
1.145216371660330750e+15
1.145216471851157250e+15
1.145216572041984000e+15
1.145216672232810750e+15
1.145216772423637250e+15
1.145216872614464000e+15
1.145216972805312000e+15
1.145217072996160000e+15
1.145217173187008000e+15
1.145217273377856000e+15
1.145217373568704000e+15
1.145217473759552000e+15
1.145217573950400000e+15
1.145217674141248000e+15
1.145217774332096000e+15
1.145217874522922750e+15
1.145241615963855250e+15
1.145241712349397500e+15
1.145241808734939750e+15
1.145241905120482000e+15
1.145242001506024250e+15
1.145242097891566500e+15
1.145242194277108750e+15
1.145242290662650750e+15
1.145242387048193000e+15
1.145242483433735000e+15
1.145242579819277000e+15
1.145242676204819250e+15
1.145242772590361250e+15
1.145242868975903750e+15
1.145242965361445750e+15
1.145243061746988000e+15
1.145243158132530000e+15
1.145243254518072000e+15
1.145243350903614750e+15
1.145243447289156750e+15
1.145243543674699250e+15
1.145243640060241250e+15
1.145243736445784000e+15
1.145243832831326000e+15
1.145243929216868000e+15
1.145244025602410000e+15
1.145244121987952000e+15
1.145244218373494750e+15
1.145244314759036000e+15
1.145244411144578000e+15
1.145244507530120000e+15
1.145244603915662750e+15
1.145244700301205250e+15
1.145244796686746750e+15
1.145244893072289250e+15
1.145244989457832000e+15
1.145245085843374750e+15
1.145245182228916000e+15
1.145245278614457250e+15
1.145245375000000000e+15
1.145245471385542750e+15
1.145245567771084000e+15
1.145245664156625250e+15
1.145245760542168000e+15
1.145245856927710750e+15
1.145245953313253250e+15
1.145246049698794750e+15
1.145246146084337250e+15
1.145246242469880000e+15
1.145246338855422750e+15
1.145246435240964000e+15
1.145246531626505250e+15
1.145246628012048000e+15
1.145246724397590750e+15
1.145246820783133250e+15
1.145246917168674750e+15
1.145247013554217250e+15
1.145247109939758750e+15
1.145247206325300000e+15
1.145247302710842750e+15
1.145247399096384000e+15
1.145247495481925250e+15
1.145247591867468000e+15
1.145247688253010750e+15
1.145247784638554750e+15
1.145247881024096000e+15
1.145247977409637250e+15
1.145248073795181250e+15
1.145248170180722750e+15
1.145248266566266750e+15
1.145248362951808000e+15
1.145248459337349250e+15
1.145248555722893250e+15
1.145248652108434750e+15
1.145248748493976000e+15
1.145248844879517250e+15
1.145248941265058750e+15
1.145249037650602750e+15
1.145249134036144000e+15
1.145249230421685250e+15
1.145249326807229250e+15
1.145249423192770750e+15
1.145249519578314750e+15
1.145249615963856000e+15
1.145249712349397250e+15
1.145249808734941250e+15
1.145249905120482750e+15
1.145250001506024000e+15
1.145250097891565250e+15
1.145250194277106750e+15
1.145250290662650750e+15
1.145250387048192000e+15
1.145250483433733250e+15
1.145250579819277250e+15
1.145250676204818750e+15
1.145250772590362750e+15
1.145250868975904000e+15
1.145250965361445250e+15
1.145251061746989250e+15
1.145251158132530750e+15
1.145251254518072000e+15
1.145251350903613250e+15
1.145251447289154750e+15
1.145251543674698750e+15
1.145251640060240000e+15
1.145251736445781250e+15
1.145251832831325250e+15
1.145251929216866750e+15
1.145252025602410750e+15
1.145252121987952000e+15
1.145252218373493250e+15
1.145252314759037250e+15
1.145252411144578750e+15
1.145252507530120000e+15
1.145252603915661250e+15
1.145252700301202750e+15
1.145252796686746750e+15
1.145252893072288000e+15
1.145252989457829250e+15
1.145253085843373250e+15
1.145253182228917250e+15
1.145253278614458750e+15
1.145253374999997250e+15
1.145253471385541250e+15
1.145253567771085250e+15
1.145253664156626750e+15
1.145253760542165250e+15
1.145253856927706750e+15
1.145253953313253250e+15
1.145254049698794750e+15
1.145254146084336000e+15
1.145254242469877250e+15
1.145254338855418750e+15
1.145254435240965250e+15
1.145254531626506750e+15
1.145254628012048000e+15
1.145254724397589250e+15
1.145254820783130750e+15
1.145254917168677250e+15
1.145255013554218750e+15
1.145255109939760000e+15
1.145255206325301250e+15
1.145255302710842750e+15
1.145255399096389250e+15
1.145255495481930750e+15
1.145255591867472000e+15
1.145255688253013250e+15
1.145255784638554750e+15
1.145255881024096000e+15
1.145255977409637250e+15
1.145256073795178750e+15
1.145256170180720000e+15
1.145256266566261250e+15
1.145256362951802750e+15
1.145256459337349250e+15
1.145256555722890750e+15
1.145256652108432000e+15
1.145256748493973250e+15
1.145256844879514750e+15
1.145256941265061250e+15
1.145257037650602750e+15
1.145257134036144000e+15
1.145257230421685250e+15
1.145257326807226750e+15
1.145257423192773250e+15
1.145257519578314750e+15
1.145257615963856000e+15
1.145257712349397250e+15
1.145257808734938750e+15
1.145257905120485250e+15
1.145258001506026750e+15
1.145258097891568000e+15
1.145258194277109250e+15
1.145258290662650750e+15
1.145258387048197250e+15
1.145258483433738750e+15
1.145258579819280000e+15
1.145258676204821250e+15
1.145258772590362750e+15
1.145258868975904000e+15
1.145258965361445250e+15
1.145259061746986750e+15
1.145259158132528000e+15
1.145259254518069250e+15
1.145259350903610750e+15
1.145259447289157250e+15
1.145259543674698750e+15
1.145259640060240000e+15
1.145259736445781250e+15
1.145259832831322750e+15
1.145259929216869250e+15
1.145260025602410750e+15
1.145260121987952000e+15
1.145260218373493250e+15
1.145260314759034750e+15
1.145260411144581250e+15
1.145260507530122750e+15
1.145260603915664000e+15
1.145260700301205250e+15
1.145260796686746750e+15
1.145260893072293250e+15
1.145260989457834750e+15
1.145261085843376000e+15
1.145261182228917250e+15
1.145261278614458750e+15
1.145261375000000000e+15
1.145261471385541250e+15
1.145261567771082750e+15
1.145261664156624000e+15
1.145261760542165250e+15
1.145261856927706750e+15
1.145261953313253250e+15
1.145262049698794750e+15
1.145262146084336000e+15
1.145262242469877250e+15
1.145262338855418750e+15
1.145262435240965250e+15
1.145262531626506750e+15
1.145262628012048000e+15
1.145262724397589250e+15
1.145262820783130750e+15
1.145262917168677250e+15
1.145263013554218750e+15
1.145263109939760000e+15
1.145263206325301250e+15
1.145263302710842750e+15
1.145263399096389250e+15
1.145263495481930750e+15
1.145263591867472000e+15
1.145263688253013250e+15
1.145263784638554750e+15
1.145263881024096000e+15
1.145263977409637250e+15
1.145264073795178750e+15
1.145264170180720000e+15
1.145264266566261250e+15
1.145264362951802750e+15
1.145264459337349250e+15
1.145264555722890750e+15
1.145264652108432000e+15
1.145264748493973250e+15
1.145264844879514750e+15
1.145264941265061250e+15
1.145265037650602750e+15
1.145265134036144000e+15
