1.362391880580356097e-04
4.389929392981143329e-05
-5.570669022817458145e-05
-1.147436717199899970e-04
-8.567931160094233211e-05
-5.600944397941458520e-05
-8.446829659598203250e-05
-1.407804943266368247e-04
-1.952761695498512421e-04
-1.595512269035218413e-04
-9.657844664558531316e-05
2.149551633804563445e-04
8.879767523871530789e-04
1.767173645988343684e-03
2.988482278490823922e-03
3.975156753782242876e-03
4.950023832775297949e-03
5.499219137524801078e-03
5.830128987630207177e-03
5.881597125341021109e-03
5.926101926773312198e-03
5.353291829427082177e-03
4.890381343781001131e-03
4.294259207589284227e-03
3.585209922185018244e-03
3.379034617590523371e-03
3.353906056237598160e-03
3.296685597253221425e-03
3.414154052734371531e-03
3.199501643105156362e-03
2.824086991567456573e-03
2.348763602120534227e-03
1.725393628317212907e-03
1.654549250527034832e-03
1.299419100322423554e-03
1.321822877914189537e-03
1.341501871744792823e-03
1.136537582155257992e-03
9.890965053013373032e-04
8.334810771639354632e-04
4.044790116567442695e-04
3.475613064236084127e-04
8.567931160094119369e-05
2.364506797184993958e-04
1.746889144655233705e-04
-7.266090029761987368e-05
-5.903698149181679788e-05
-2.503773522755450842e-04
3.966074141244918527e-05
1.559181818886409832e-04
2.976069374689971347e-04
2.876160636780741853e-04
1.453218005952397474e-04
2.364506797185028653e-04
3.875248015873036800e-04
3.563411652095747895e-04
2.170744396391352526e-04
2.225240071614571769e-04
2.543131510416435370e-05
1.574319506448401684e-04
1.952761695498510253e-04
2.724783761160719242e-04
-2.422030009920431159e-05
1.513768756200573051e-05
1.023307679191495789e-04
1.313951280381940590e-04
2.715701148623510253e-04
4.807729569692442695e-04
4.613967168898801263e-04
1.176198323567710646e-03
1.693301730685766587e-03
2.258542984250995478e-03
2.719031439887154705e-03
2.673012869698662697e-03
2.549186585441468034e-03
2.448066832527281966e-03
2.554333399212550815e-03
2.630930098276289958e-03
2.767774793836805941e-03
2.458663213820686672e-03
1.773228721013146714e-03
1.172868032304069663e-03
8.552793472532266295e-04
5.546448722718276547e-04
5.861312624007956884e-04
2.527993822854686379e-04
1.547071668836844105e-04
1.041472904265913768e-04
5.328466021825919996e-05
2.694508386036770231e-04
3.505888439360171915e-04
3.608824714781758147e-04
5.149841308593750000e-04
3.950936453682996063e-04
2.588544573102619095e-04
1.976981995597676400e-04
2.270653134300582021e-04
1.725696382068451671e-05
-1.855880495101686826e-04
1.059638129340278079e-05
-8.749583410838291026e-05
9.082612537202551972e-07
1.489548456101190605e-04
2.300928509424601776e-05
1.637897794208828832e-04
1.329088967943948434e-04
9.294540163070440079e-05
6.660582527281749474e-05
1.153491792224702213e-04
2.367534334697420084e-04
6.145901150173601474e-05
1.068720741877478937e-04
2.845885261656738632e-05
-1.877073257688498947e-05
1.059638129340275368e-05
3.451392764136900632e-05
-5.964248899429570763e-05
-1.029362754216274316e-05
1.586429656498015116e-04
1.958816770523313174e-04
2.382672022259424676e-04
4.571581643725194368e-05
-3.511943514384919000e-05
-1.689365931919642547e-04
-9.900047665550593947e-05
2.755059136284724632e-05
5.570669022817456790e-05
2.727811298673113926e-04
2.225240071614582068e-04
1.722668844556050753e-04
8.507380409846225684e-05
-1.192849779885912526e-04
-1.310923742869543195e-04
-1.792302207341269437e-04
-1.262483142671130668e-04
-4.299103267609125263e-05
1.604594881572419000e-05
-9.476192413814492474e-05
-1.801384819878473005e-04
-2.058725508432539958e-04
-2.561296735491071274e-04
-1.637897794208828832e-04
-1.147436717199900376e-04
-7.417466905381943842e-05
3.633045014880939474e-06
1.798357282366071274e-04
8.870684911334316921e-05
1.755971757192448658e-05
1.111106267051089626e-04
1.755971757192440526e-05
2.988179524739582611e-04
7.402329217819940063e-04
7.962423657614087474e-04
1.140473380921378996e-03
1.279134598989335476e-03
1.524365137493799731e-03
1.483190627325148758e-03
1.202840653676835042e-03
9.557935926649300737e-04
4.029652429005450842e-04
2.521938747829855811e-04
6.660582527281532633e-06
9.143163287450399579e-05
-2.724783761160701895e-05
-1.011197529141860674e-04
3.602769639756992631e-05
-9.536743164062456632e-05
-7.871597532242008421e-05
-7.568843781001564214e-06
9.778946165054595158e-05
-2.573406885540653263e-05
8.779858785962473683e-06
-1.728723919580850421e-04
-3.436255076574900105e-04
-2.903408474392360147e-04
-3.521026126922120400e-04
-2.385699559771825053e-04
-2.125331333705355284e-04
-1.138354104662695453e-04
4.783509269593250526e-05
6.145901150173601474e-05
1.347254193018350421e-04
-1.907348632812543368e-05
-5.722045898437543368e-05
1.008169991629460568e-04
-7.780771406870048632e-05
-6.115625775049600421e-05
-2.340286497085810463e-04
-1.864963107638885516e-04
5.570669022817494737e-05
1.450190468439984358e-04
3.354511563740079916e-04
2.122303796192959516e-04
1.450190468439980021e-04
-1.998174758184531618e-05
7.175263904389877145e-05
2.512856135292664710e-05
5.600944397941470039e-05
1.428997705853174405e-04
-2.906436011904765132e-05
-4.268827892485124210e-05
1.144409179687499864e-04
1.211015004960315868e-05
5.600944397941470039e-05
-1.074775816902281587e-04
-2.491663372705853132e-04
-1.607622419084821545e-04
-1.401749868241567495e-04
3.178914388020826105e-05
1.023307679191467329e-04
1.864963107638887684e-04
1.864963107638887684e-04
4.244607592385911984e-04
4.102313329303075053e-04
4.117451016865079916e-04
5.322410946800596116e-04
4.032679966517857453e-04
4.395984468005952484e-04
3.663320390004960042e-04
1.377529568142360147e-04
-2.724783761160712737e-05
-8.537655784970237579e-05
-2.488635835193452484e-04
-1.698448544456846116e-04
-2.688453311011906053e-04
-3.327263726128473547e-04
-3.018454899863592337e-04
-2.697535923549106911e-04
-3.754146515376976211e-05
-6.630307152157726737e-05
-1.816522507440388422e-06
2.724783761160712737e-05
-2.482580760168660947e-05
1.014225066654264032e-04
1.226152692522320189e-04
1.704503619481645784e-04
5.086263020833326105e-05
1.453218005952386632e-05
1.628815181671627432e-04
1.622760106646826137e-04
3.178914388020834779e-04
1.771109444754464905e-04
1.195877317398313716e-04
2.058725508432537789e-05
1.534961518787201400e-04
2.291845896887399021e-04
1.556154281374006474e-04
5.022684733072916305e-04
1.307896205357142547e-04
2.234322684151785095e-04
1.607622419084820189e-04
-1.713586232018849895e-04
-9.718395414806549684e-05
-1.849825420076884989e-04
-1.229180230034722463e-04
-1.516796293712798600e-04
-2.061753045944942232e-04
2.452305385044649053e-05
1.816522507440477326e-04
8.446829659598212737e-05
2.794417123945932505e-04
9.476192413814476211e-05
1.967899383060502105e-05
2.582489498077875263e-04
2.394782172309025368e-04
2.933683849516365537e-04
2.579461960565472989e-04
2.909463549417160358e-04
2.394782172309027537e-04
1.377529568142360147e-04
1.350281730530752695e-04
-1.017252604166667389e-04
-1.607622419084822358e-04
-1.156519329737102589e-04
-9.809221540178552842e-05
4.056900266617073474e-05
2.358451722160217600e-04
3.354511563740077747e-04
3.405979701450890379e-04
2.900380936879957874e-04
3.148639012896803369e-05
-7.841322157118072421e-05
-2.573406885540674947e-05
-1.313951280381942758e-04
-6.055075024800210537e-07
5.631219773065496842e-05
-3.027537512400755790e-06
2.031477670820932505e-04
3.103225950210812632e-04
2.615792410714285095e-04
2.767169286334322884e-04
1.013316805400545518e-03
2.066597105964781099e-03
2.482580760168650105e-03
2.364506797185019545e-03
1.869504413907490011e-03
7.096547929067464379e-04
1.846797882564489221e-04
1.413860018291174421e-04
5.237639896453396421e-05
2.240377759176589642e-04
2.767169286334329389e-04
-5.600944397941452421e-05
-1.625787644159225158e-04
-5.504063197544644716e-04
-5.355713859437009200e-04
-3.787449428013394716e-04
-1.880100795200894716e-04
1.613677494109624737e-04
2.739921448722724105e-04
1.580374581473219242e-04
6.842234778025842526e-05
1.198904854910719242e-04
6.236727275545648000e-05
1.559181818886409832e-04
2.461387997581845032e-04
7.992699032738056000e-05
4.632132393973201895e-05
1.447162930927575579e-04
5.358741396949400632e-05
6.630307152157748421e-05
4.087175641741052842e-05
6.357828776041522106e-06
-7.326640780009946105e-05
-1.316978817894345032e-04
-6.660582527281706106e-05
-1.577347043960810463e-04
1.235235305059524842e-04
2.712673611111110147e-04
2.791389586433530232e-04
3.475613064236110147e-04
2.948821537078374737e-04
1.998174758184524842e-04
4.347543867807539958e-04
6.139846075148814274e-04
6.339663550967268926e-04
6.633334689670144189e-04
3.860110328311018926e-04
2.579461960565483832e-04
4.238552517361188210e-05
8.900960286458391157e-05
7.932148282490097263e-05
9.839496915302597263e-05
1.383584643167160358e-04
7.720220656622003158e-05
6.418379526289697684e-05
-3.996349516369093052e-05
-4.813784644717294947e-05
-1.604594881572420084e-04
-2.470470610119049684e-04
-1.704503619481649579e-04
-5.055987645709390105e-05
1.362391880580307579e-05
1.380557105654760253e-04
-3.481668139260901684e-05
-1.428997705853170611e-04
-1.074775816902280232e-04
-1.831660195002480021e-04
-8.779858785962300211e-05
-1.746889144655259726e-04
-2.310011121961805074e-04
3.178914388020804421e-05
7.296365404885901684e-05
3.281850663442460042e-04
3.860110328311014589e-04
1.861935570126489747e-04
4.541306268601198737e-05
-1.877073257688498947e-05
5.722045898437413264e-05
-4.450480143229195579e-05
1.565236893911210042e-04
1.047527979290679284e-04
1.874045720176098842e-04
1.653035481770839116e-04
9.627569289434589894e-05
1.883128332713299158e-04
-5.570669022817408000e-05
1.171657017299109621e-04
5.207364521329395368e-05
-2.422030009920084215e-06
6.297278025793693473e-05
7.871597532242095158e-05
9.203714037698401684e-05
1.286703442770330968e-04
2.597627185639880126e-04
2.661205473400299684e-04
3.030565049913199263e-04
1.168629479786709516e-04
-6.327553400917663355e-05
-9.748670789930562934e-05
-1.362391880580357724e-05
-4.480755518353172914e-05
-7.447742280505948961e-05
-1.047527979290673863e-04
-1.368446955605158205e-04
-7.901872907366066395e-05
-1.846797882564478921e-05
6.660582527281803684e-06
1.401749868241568308e-04
3.203134688120039958e-04
3.530108739459326137e-04
5.346631246899802379e-04
5.525255960131447621e-04
1.011803036644345248e-03
1.883733840215773758e-03
2.132597423735119006e-03
2.694205632285466036e-03
2.313341413225446491e-03
1.762935093470982019e-03
1.524667891245039524e-03
7.305448017423110674e-04
4.392956930493545874e-04
1.026335216703865537e-04
-9.355090913318493684e-05
4.238552517361101474e-05
-3.178914388020847789e-05
-7.629394531250000000e-05
-2.694508386036700842e-05
-2.143496558779760253e-04
-2.194964696490575053e-04
-1.286703442770339642e-04
-3.330291263640983157e-06
-4.541306268601198737e-05
-1.095968579489085305e-04
-2.255515446738590168e-04
-2.585517035590275368e-04
-1.435052780877975158e-04
-2.089000883556549684e-05
-2.300928509424600421e-05
-8.174351283482149053e-05
-7.780771406870048632e-05
1.374502030629960042e-04
1.731751457093254863e-04
1.768081907242064800e-04
1.486520918588789958e-04
-1.371474493117559937e-04
-2.279735746837799684e-04
-2.282763284350204126e-04
-2.267625596788199263e-04
-1.077803354414689010e-04
8.144075908358104632e-05
5.600944397941452421e-05
2.815609886532705053e-05
9.385366288442451368e-05
5.964248899429551790e-05
4.026624891493050737e-05
8.144075908358148000e-05
-9.748670789930550737e-05
-1.235235305059524842e-04
-2.391754634796629600e-04
-1.925513857886904968e-04
-1.211015004960475788e-06
-1.462300618489584779e-04
-1.177712092323909832e-04
-2.437167697482639853e-04
-1.428997705853174947e-04
2.210102384052597263e-05
4.541306268601198737e-05
2.497718447730654968e-04
2.821664961557539958e-04
3.587631952194940063e-04
8.207654196118550211e-04
8.598206535218254863e-04
9.352063375806050211e-04
8.637564522879460568e-04
6.061130099826389853e-04
3.514971051897320189e-04
3.360566638764897474e-05
-8.053249782986101474e-05
-1.789274669828869874e-04
-1.365419418092759726e-04
-3.514971051897320189e-04
-3.599742102244540484e-04
-3.142583937872020505e-04
-3.463502914186501053e-04
5.116538395957392210e-05
1.874045720176098842e-04
1.011197529141869347e-04
2.297900971912200316e-04
1.510741218687990800e-04
4.934886145213212422e-05
4.450480143229108843e-05
2.966986762152710316e-05
-5.086263020833391157e-05
-4.420204768105194526e-05
7.750496031746004211e-05
6.660582527281966314e-06
1.029362754216296000e-05
-5.267915271577397474e-05
-9.294540163070491579e-05
-6.055075024808884154e-07
1.816522507440410106e-05
1.383584643167160358e-04
-4.844060019841035791e-06
-1.783219594804060990e-04
-5.903698149181506316e-05
-6.600031777033704000e-05
6.176176525297602526e-05
2.658177935887890905e-04
5.812872023809503158e-05
-3.511943514384902737e-05
-5.328466021825312843e-05
5.540393647693580420e-05
1.217070079985128547e-04
2.276708209325399579e-04
2.049642895895339642e-04
-1.047527979290679284e-04
-2.845885261656749474e-04
-2.491663372705850421e-04
-1.771109444754460568e-04
2.391754634796690315e-05
1.135326567150308358e-04
2.755059136284789684e-05
-9.657844664558504211e-05
-1.053583054315470821e-04
-2.422030009920604632e-05
1.877073257688498947e-05
1.307896205357140379e-04
6.842234778025712422e-05
3.269740513392720843e-05
4.662407769097116211e-05
-2.391754634796690315e-05
-6.509205651661700842e-05
-4.450480143229108843e-05
-7.175263904389810737e-05
-1.350281730530750526e-04
-1.120188879588290484e-04
-3.935798766121004211e-05
1.250372992621529705e-04
2.576434423053079389e-04
2.313038659474209516e-04
-1.332116505456306527e-05
-2.482580760168650105e-04
-2.300928509424600421e-04
-3.814697265625000000e-05
1.117161342075890379e-04
1.728723919580850421e-04
9.627569289434503158e-05
-7.720220656622003158e-05
3.693595765128995789e-05
-2.089000883556506316e-05
-3.421117389012899579e-05
1.056610591827870926e-04
1.192849779885910358e-04
8.174351283482105684e-05
3.115336100260410884e-04
6.600031777033704000e-05
-7.478017655629994737e-05
-6.963336278521803369e-05
-4.477727980840770505e-04
-2.270653134300590695e-04
-2.939738924541170084e-04
-2.346341572110619347e-04
-1.232207767547120400e-04
-1.834687732514880126e-04
-5.086263020833304421e-05
-2.936711387028709264e-05
1.071748279389880126e-04
-9.960598415798601474e-05
-6.085350399925599368e-05
-1.083858429439489221e-04
4.844060019841296000e-05
2.228267609126980547e-04
2.936711387028769979e-04
4.041762579055059937e-04
2.182854546440970295e-04
4.459562755766369874e-04
6.327553400917659832e-04
1.306079682849702918e-03
1.799871051122271977e-03
2.257029215494791956e-03
2.161661783854166956e-03
1.646980406746031966e-03
1.064482189360119874e-03
2.976069374689988695e-04
-3.088088262648714527e-05
-1.798357282366061516e-04
-2.185882083953370400e-04
-6.448654901413698737e-05
3.572494264632904842e-05
-1.265510680183538905e-04
-6.963336278521976841e-06
5.570669022817494737e-05
2.488635835193450316e-04
3.805614653087799684e-04
7.659669906374010539e-05
7.629394531249998645e-05
8.265177408854163053e-05
1.704503619481646326e-04
3.027537512400789671e-05
-8.477105034722246316e-06
6.569756401909719211e-05
-3.269740513392857724e-05
2.906436011904759711e-05
3.421117389012896868e-05
6.963336278521814211e-06
3.088088262648809395e-05
2.724783761160712737e-05
-1.286703442770338016e-04
-2.476525685143849353e-04
-2.488635835193453026e-04
-2.555241660466269979e-04
-1.395694793216766200e-04
4.601857018849198132e-05
-5.540393647693461158e-05
-9.324815538194451974e-05
-2.219184996589782400e-04
-3.057812887524802379e-04
-9.839496915302586421e-05
-7.417466905381951974e-05
4.601857018849200842e-05
1.126243954613095032e-04
2.210102384052581000e-05
1.220097617497520250e-04
1.432025243365575866e-04
5.994524274553574526e-05
2.800472198970734884e-04
3.623962402343751084e-04
5.591861785404266200e-04
8.882795061383928726e-04
1.019069126674107019e-03
9.121970524863590168e-04
7.599119156125991358e-04
5.168006533668154968e-04
1.659090556795634989e-04
-1.301841130332327158e-05
-1.562209356398807768e-04
-7.992699032738077684e-05
-4.722958519345226737e-05
-1.032390291728670084e-04
-7.659669906374011895e-05
-1.347254193018354758e-04
-1.858908032614088558e-04
7.023887028769827158e-05
2.561296735491071274e-04
1.989092145647322358e-04
1.837715270027283484e-04
9.627569289434546526e-05
3.784421890500998947e-05
4.753233894469249474e-05
2.073863195994542653e-04
2.585517035590277537e-04
1.973954458085317495e-04
1.183767167348710042e-04
-1.725696382068450316e-05
-1.425970168340774842e-04
-2.294873434399802379e-04
-7.629394531250000000e-05
-9.112887912326376842e-05
-9.567018539186501053e-05
-1.047527979290674947e-04
-1.407804943266369874e-04
-1.531933981274802379e-04
-1.955789233010912526e-04
-1.592484731522816411e-04
-1.168629479786705179e-04
-2.300928509424600421e-05
2.694508386036700842e-05
7.568843781001987053e-05
8.295452783978174947e-05
-1.441107855902777537e-04
-2.019367520771328832e-04
-3.115336100260417389e-04
-3.409007238963293737e-04
-2.158634246341766200e-04
-8.537655784970237579e-05
1.029362754216274316e-05
-1.177712092323908747e-04
-1.038445366753472463e-04
-6.267002650669649053e-05
2.119276258680550737e-05
-4.965161520337300211e-05
-9.233989412822413579e-05
-3.451392764136900632e-05
-9.476192413814476211e-05
1.192849779885912526e-04
1.801384819878471379e-04
8.022974407862100421e-05
5.449567522321425474e-05
-2.452305385044638211e-05
1.513768756200399579e-05
-4.874335394965275368e-05
-7.356916155133925474e-05
1.362391880580357453e-04
9.112887912326398526e-05
1.265510680183532400e-04
1.544044131324400632e-05
-1.050555516803076137e-04
-5.994524274553574526e-05
-7.084437779017861789e-05
5.752321273561501053e-06
-8.870684911334325053e-05
-6.933060903397824000e-05
-1.089913504464287263e-05
-1.786247132316463263e-05
-2.107166108630952484e-04
-1.428997705853174947e-04
-2.240377759176587474e-04
-1.220097617497519979e-04
-4.420204768105162000e-05
-5.752321273561501053e-06
3.966074141245037789e-05
5.146813771081263159e-06
1.531933981274801295e-04
-8.022974407862105842e-05
-4.722958519345237579e-05
-3.027537512400105268e-07
1.392667255704366095e-04
1.413860018291171711e-04
2.422030009920637158e-05
3.178914388020836947e-05
3.935798766121004211e-06
1.852852957589285095e-04
1.377529568142361232e-04
1.211015004960313158e-05
-8.174351283482138211e-05
-1.916431245349701400e-04
-1.816522507440388422e-06
8.961511036706360737e-05
1.416887555803572358e-04
2.031477670820933589e-04
9.445917038690486000e-05
1.320006355406747305e-04
7.023887028769848842e-05
-2.724783761160636843e-06
-4.995436895461301263e-05
-7.054162403893849895e-05
-8.749583410838288316e-05
3.239465138268849895e-05
2.328176347036210042e-04
7.817101857018847726e-04
1.331208244202628996e-03
1.712072463262648541e-03
1.699962313213045301e-03
1.105353945777529535e-03
5.985441662016365537e-04
2.040560283358130653e-04
2.128358871217755389e-04
3.027537512400790484e-04
1.943679082961305600e-04
4.226442367311505389e-04
2.915518624441960568e-04
2.137441483754955705e-04
3.033592587425590695e-04
5.146813771081046318e-06
-1.392667255704395368e-05
-8.961511036706349895e-05
-5.237639896453353053e-05
2.249460371713789958e-04
2.836802649119544821e-04
4.059927804129464905e-04
3.596714564732140379e-04
-1.065693204365079916e-04
-1.834687732514880126e-04
-1.795329744853670084e-04
-1.798357282366070189e-04
-2.270653134300599368e-05
1.120188879588299158e-05
-1.937624007936501053e-05
-1.211015004960042107e-06
-6.388104151165653263e-05
2.755059136284746316e-05
-2.906436011904751579e-05
4.844060019841469472e-06
1.353309268043159305e-04
-5.570669022817451368e-05
4.844060019841296000e-05
9.264264787946447158e-05
-9.688120039682505263e-06
-1.150464254712300211e-04
-2.294873434399800211e-04
-2.609737335689484884e-04
-3.418089851500495137e-04
-9.112887912326355158e-05
-1.250372992621525368e-04
-2.116248721168150632e-04
-3.693595765128952421e-05
-1.271565755208334779e-04
2.730838836185515116e-04
5.794706798735119874e-04
9.276374937996034568e-04
1.041170150514632992e-03
3.999377053881448163e-04
3.984239366319443842e-04
1.631842719184027537e-04
4.692683144221225684e-05
1.441107855902776995e-04
4.722958519345226737e-05
6.267002650669632790e-05
7.417466905381938421e-05
-2.482580760168660947e-05
-1.898266020275297516e-04
-2.494690910218254321e-04
-2.603682260664683047e-04
-3.633045014880952484e-04
-1.716613769531250542e-04
3.935798766121031316e-05
-1.634870256696430895e-05
1.671200706845237850e-04
1.907348632812500000e-04
1.283675905257936284e-04
1.150464254712301837e-04
6.842234778025799158e-05
-1.005142454117063174e-04
-2.040560283358134718e-04
-5.752321273561446843e-06
-3.269740513392856368e-05
6.569756401909724632e-05
2.361479259672619061e-04
7.387191530257931947e-05
1.925513857886904968e-04
3.796532040550595032e-04
3.390842013888889311e-04
3.354511563740079374e-04
5.419292147197413579e-05
-7.023887028769848842e-05
-3.339373876178076137e-04
-3.763229127914186826e-04
-1.362391880580357453e-04
-6.811959402901776421e-05
1.011197529141866095e-04
1.692393469432044279e-04
9.930323040674611263e-05
-1.486520918588789958e-04
-5.419292147197424421e-05
-1.392667255704365011e-04
-6.297278025793650105e-05
1.967899383060518368e-05
-7.114713154141862842e-05
-1.846797882564481632e-05
-8.325728159102181421e-05
-7.629394531250000000e-05
1.150464254712301295e-04
2.019367520771329374e-04
2.294873434399801837e-04
2.303956046937004321e-04
-3.027537512400105268e-07
-8.174351283482138211e-05
-2.300928509424602589e-04
-1.834687732514880126e-04
-1.298813592819940063e-04
-1.053583054315476242e-04
-3.754146515376987053e-05
-1.574319506448417947e-05
-1.783219594804067495e-04
-8.204626658606150105e-05
-1.816522507440475158e-05
-7.811046781994044263e-05
3.390842013888887684e-05
-1.680283319382440334e-04
-1.619732569134424134e-04
-8.961511036706344474e-05
2.936711387028774316e-05
7.901872907366077237e-05
6.509205651661708974e-05
1.877073257688493526e-05
-6.145901150173612316e-05
1.256428067646328832e-04
1.080830891927083153e-04
1.038445366753471921e-04
1.211015004960317495e-04
7.871597532242062632e-06
1.531933981274801295e-04
1.886155870225694384e-04
-4.541306268601242105e-06
-6.690857902405755947e-05
-2.110193646143353132e-04
-2.228267609126984342e-04
8.931235661582343421e-05
1.138354104662698705e-04
9.143163287450399579e-05
5.570669022817462211e-05
1.344226655505953026e-04
-2.119276258680550737e-05
-4.299103267609125263e-05
-5.328466021825394158e-05
-6.842234778025799158e-05
1.743861607142856368e-04
2.388727097284225700e-04
3.430200001550098811e-04
2.067808120969742442e-04
4.965161520337311053e-05
9.476192413814497895e-05
-6.933060903397802316e-05
-1.622760106646823968e-04
-1.011197529141863926e-04
-4.420204768105151158e-05
1.786247132316474105e-05
4.571581643725199789e-05
-7.538568405877975158e-05
1.671200706845237579e-04
2.185882083953372568e-04
4.777454194568451400e-04
7.738385881696428726e-04
7.229759579613095032e-04
9.570046076698907663e-04
1.116555834573412743e-03
9.212796650235615011e-04
6.442599826388887684e-04
3.315153576078869874e-04
-9.748670789930550737e-05
-8.991786411830350947e-05
-2.603682260664654316e-05
-8.144075908358104632e-05
-9.173438662574357264e-05
-8.174351283481585267e-06
-1.280648367745530758e-04
4.336808689942017736e-19
2.633957635788698737e-05
-1.646980406746032400e-04
-1.211015004960302316e-05
-2.119276258680550737e-05
-1.286703442770335305e-04
-3.542218889508903790e-05
-6.993611653645804421e-05
-1.998174758184520505e-04
-7.144988529265853053e-05
1.846797882564497895e-05
-5.328466021825399579e-05
-9.536743164062500000e-05
8.325728159102197684e-05
-3.300015888516852000e-05
1.211015004960475788e-06
1.447162930927579916e-04
-1.198904854910714905e-04
-1.017252604166667389e-04
-1.858908032614089642e-04
-2.836802649119544821e-04
-1.831660195002480021e-04
-2.845885261656745137e-04
-2.643040248325890379e-04
-2.564324273003470295e-04
-4.150753929501487579e-04
-3.227354988219245137e-04
-3.956991528707837474e-04
-3.036620124937995137e-04
-2.001202295696922779e-04
3.875248015873023789e-05
2.303956046937004863e-04
4.735068669394840168e-04
6.167093912760415221e-04
4.801674494667657663e-04
3.708733452690970295e-04
1.707531156994047516e-04
1.447162930927579916e-04
9.233989412822424421e-05
7.054162403893871579e-05
-6.357828776041522106e-06
-2.727811298673115011e-04
-3.757174052889384989e-04
-3.224327450706847200e-04
-2.328176347036212211e-04
-4.208277142237122105e-05
1.653035481770830442e-04
1.755971757192457874e-04
7.266090029761878948e-05
1.120188879588277474e-05
-1.498631068638392547e-04
-1.156519329737102589e-04
-4.783509269593250526e-05
-6.297278025793650105e-05
4.844060019841252632e-06
-2.724783761160745263e-06
3.269740513392850947e-05
4.238552517361014738e-06
-8.204626658606171789e-05
-2.167716858878969768e-04
-3.318181113591269979e-04
-2.957904149615575053e-04
-2.440195234995037789e-04
-4.450480143229152211e-05
1.235235305059524842e-04
2.627902560763889853e-04
3.136528862847222463e-04
2.434140159970237579e-04
3.312126038566467600e-04
2.285790821862597726e-04
2.461387997581842863e-04
3.227354988219245137e-04
1.047527979290674405e-04
2.364506797185019437e-04
3.563411652095733800e-04
3.793504503038193842e-04
8.870684911334322342e-05
-1.477438306051587203e-04
-2.104138571118551837e-04
-3.663320390004961126e-04
-1.983037070622520250e-04
1.095968579489086932e-04
7.296365404885909816e-05
2.255515446738590982e-04
3.230382525731646326e-04
1.474410768539186013e-04
3.336346338665674405e-04
2.055697970920138768e-04
7.720220656622030263e-05
4.117451016865081000e-05
6.721133277529773263e-05
9.203714037698423368e-05
2.761114211309524300e-04
3.484695676773314258e-04
2.397809709821427642e-04
1.992119683159721379e-04
1.135326567150296432e-04
5.873422774057526947e-05
1.108078729538690063e-04
1.728723919580852589e-04
1.307896205357142547e-04
1.416887555803571274e-04
-3.935798766121036737e-05
-1.855880495101687368e-04
-2.070835658482143632e-04
1.513768756200269475e-06
1.556154281374006474e-04
3.702678377666170084e-04
4.326351105220732716e-04
2.821664961557539958e-04
1.722668844556052379e-04
1.135326567150297516e-04
-4.087175641741052842e-05
8.295452783978174947e-05
8.537655784970248421e-05
2.134413946242562105e-04
2.092028421068949789e-04
9.960598415798623158e-05
2.518911210317460042e-04
2.873133099268352589e-04
3.360566638764880126e-04
3.496805826822917389e-04
2.303956046937004863e-04
-4.087175641741074526e-05
-3.602769639756949263e-05
-4.268827892485124210e-05
-1.180739629836301263e-05
5.782596648685523789e-05
2.300928509424604758e-04
2.473498147631449789e-04
2.788362048921130126e-04
3.672403002542160358e-04
2.415974934895828274e-04
2.706618536086303432e-04
1.280648367745530758e-04
5.752321273561501053e-05
-1.241290380084303369e-05
2.906436011904794947e-05
2.116248721168159305e-04
3.072950575086809410e-04
4.280938042534724632e-04
2.455332922557044821e-04
1.329088967943949789e-04
4.087175641741052842e-05
3.330291263640853053e-05
-1.295786055307539958e-04
-1.095968579489089642e-04
-2.621847485739089642e-04
-3.660292852492559937e-04
-2.721756223648314800e-04
-4.280938042534722463e-04
-2.606709798177080442e-04
-2.216157459077377958e-04
-1.419915093315970295e-04
9.597293914310523789e-05
7.235814654637899579e-05
8.174351283482127369e-05
1.241290380084325053e-05
-1.653035481770832611e-04
-2.691480848524305074e-04
-3.978184291294640379e-04
-3.112308562748015116e-04
-3.269740513392857453e-04
-1.486520918588789958e-04
-7.992699032738099368e-05
-1.029362754216274316e-05
1.226152692522322358e-04
1.556154281374007558e-04
2.488635835193450316e-04
-2.606709798177084237e-04
-2.437167697482639582e-04
-1.519823831225198976e-04
-1.571291968936012421e-04
-1.313951280381944384e-04
-8.870684911334325053e-05
5.449567522321490526e-06
7.144988529265885579e-05
1.671200706845239476e-04
1.053583054315477868e-04
-5.237639896453363895e-05
-8.325728159102176000e-05
-2.730838836185516200e-04
-1.304868667844742442e-04
-1.359364343067956263e-04
-1.047527979290673863e-04
-1.392667255704362842e-05
-2.285790821862598811e-04
-8.325728159102176000e-05
-1.062665666852678726e-04
-1.180739629836308853e-04
-1.059638129340275368e-05
-7.144988529265874737e-05
-1.695421006944449263e-05
-9.657844664558536737e-05
-1.528906443762401189e-04
5.661495148189487053e-05
-1.604594881572413579e-05
-6.963336278521760001e-06
6.630307152157737579e-05
-9.355090913318461158e-05
-2.966986762152786210e-05
2.055697970920137684e-04
1.450190468439980021e-04
2.473498147631448705e-04
3.345428951202876889e-04
2.739921448722718684e-04
2.730838836185516200e-04
1.183767167348710042e-04
-5.843147398933531316e-05
-3.293960813492062632e-04
-2.282763284350197621e-04
-1.749916682167658205e-04
-4.844060019841144211e-06
1.256428067646329374e-04
1.604594881572424421e-05
-6.902785528273795842e-05
-2.361479259672613368e-05
2.119276258680561579e-05
6.539481026785718158e-05
2.694508386036700842e-05
-1.525878906250000000e-04
-2.089000883556546974e-04
-1.504686143663194384e-04
-2.258542984250991358e-04
4.299103267609125263e-05
-1.574319506448423368e-05
-1.577347043960813716e-04
-6.872510153149811053e-05
-2.164689321366568579e-04
-9.718395414806560526e-05
-9.112887912326409368e-05
-5.146813771081479999e-06
2.936711387028763474e-05
-6.236727275545637158e-05
1.180739629836312105e-05
6.993611653645826105e-05
1.080830891927082611e-04
2.582489498077876347e-04
3.787449428013392547e-04
3.463502914186508100e-04
6.872510153149811053e-05
1.095968579489088558e-04
-1.074775816902281316e-04
-1.650007944258431963e-04
-4.268827892485124210e-05
-5.328466021825410421e-05
-5.540393647693461158e-05
-1.374502030629961126e-04
-6.630307152157748421e-05
-7.326640780009924421e-05
3.118363637772813158e-05
1.816522507440476242e-04
1.867990645151289958e-04
-1.998174758184514000e-05
1.616705031622024842e-04
1.547071668836806158e-04
7.538568405877986000e-05
2.231295146639385532e-04
-4.753233894469238632e-05
1.874045720176091795e-04
1.934596470424107453e-04
1.562209356398809124e-04
2.848912799169146326e-04
-6.963336278521841316e-06
1.468355693514384447e-04
1.562209356398809395e-04
1.011197529141865011e-04
5.358741396949406053e-05
-7.023887028769838000e-05
2.936711387028768895e-05
3.663320390004958822e-05
6.993611653645831526e-05
2.273680671812995950e-04
1.883128332713293737e-04
1.625787644159226513e-04
-3.935798766121027928e-05
-1.428997705853174134e-04
-2.155606708829365011e-04
-1.189822242373511337e-04
1.253400530133928726e-04
-7.538568405877972447e-05
-1.701476081969245137e-04
-1.250372992621528079e-04
-1.080830891927083153e-04
-8.325728159102184132e-05
1.071748279389880668e-04
8.325728159102185487e-05
1.967899383060515658e-04
3.136528862847222463e-04
4.553416418650793737e-04
2.664233010912698163e-04
1.625787644159226242e-04
4.722958519345237579e-05
-2.688453311011904968e-04
-2.885243249317956263e-04
-3.542218889508928726e-04
-2.319093734499008100e-04
-9.778946165054566697e-05
-3.118363637772821289e-05
3.330291263640813750e-06
-5.752321273561528158e-06
1.725696382068454382e-05
4.722958519345240289e-05
-9.385366288442447303e-06
-1.135326567150297380e-04
-1.789274669828869332e-04
-1.453218005952381211e-04
-1.428997705853174405e-04
-5.116538395957340711e-05
-1.247345455109126889e-04
-2.758086673797122568e-04
-2.049642895895337474e-04
-1.604594881572420897e-04
2.543131510416663053e-05
3.415062313988095032e-04
3.454420301649304532e-04
3.766256665426586389e-04
2.591572110615078832e-04
1.547071668836805074e-04
7.356916155133928184e-05
7.356916155133928184e-05
-3.330291263640872026e-05
-2.549186585441467600e-04
-4.078093029203868789e-04
-4.943968757750495137e-04
-4.347543867807539958e-04
-4.389929392981150647e-04
-2.752031598772321274e-04
-3.290933275979663068e-04
-1.002114916604662526e-04
5.479842897445437368e-05
7.054162403893849895e-05
1.762026832217262421e-04
-8.204626658606150105e-05
-5.025712270585313158e-05
-1.786247132316463263e-05
-5.782596648685512947e-05
-2.724783761160712737e-05
5.025712270585313158e-05
4.934886145213288316e-05
1.983037070622519437e-04
1.577347043960813716e-04
-1.404777405753967600e-04
-2.579461960565475158e-04
-4.344516330295138226e-04
-2.800472198970733800e-04
-9.082612537202375790e-05
-1.952761695498511337e-04
-1.973954458085317495e-04
-3.723871140252975158e-04
-3.566439189608134989e-04
-1.123216417100694926e-04
-1.616705031622022674e-04
-1.486520918588789958e-04
-8.477105034722246316e-06
1.937624007936501053e-05
6.327553400917651158e-05
1.368446955605157663e-04
1.150464254712300211e-04
4.286993117559522674e-04
7.786826481894839084e-04
1.636686779203868789e-03
2.369048103453621004e-03
3.173767574249751998e-03
3.449576241629464038e-03
3.233410063244047516e-03
1.822577582465278621e-04
3.941853841145833695e-04
2.028450133308531316e-04
1.335144042968750000e-04
-9.718395414806553750e-05
-2.361479259672619332e-04
1.816522507440480579e-05
1.062665666852678726e-04
5.873422774057538874e-04
1.100509885757688716e-03
1.325758676680307722e-03
1.529511951264880994e-03
1.472291492280505777e-03
1.195271809895833044e-03
1.285795181516617008e-03
9.421696738591269979e-04
6.315443250868059410e-04
4.898555695064489221e-04
6.055075024801598316e-05
1.713586232018849895e-04
1.955789233010910358e-04
1.616705031622020505e-04
1.786247132316452421e-05
-8.325728159102197684e-05
-1.132299029637895242e-04
-1.983037070622519979e-04
-4.389929392981150105e-05
-1.080830891927080442e-04
-1.874045720176090168e-04
2.391754634796646947e-05
-7.871597532242008421e-06
-3.209189763144848842e-05
4.480755518353153263e-05
-1.907348632812504337e-04
-9.718395414806593052e-05
-1.129271492125499474e-04
-9.809221540178596210e-05
-4.844060019841469472e-06
-7.568843781001997895e-06
-9.385366288442494737e-06
1.907348632812500000e-05
7.266090029761987368e-06
-2.040560283358134989e-04
-6.630307152157748421e-05
-8.507380409846247368e-05
1.513768756200486315e-06
1.217070079985119874e-04
1.471383231026785095e-04
1.105051192026289958e-04
1.020280141679065326e-04
7.054162403893849895e-05
2.936711387028796000e-05
-1.329088967943945453e-04
-1.316978817894340695e-04
-9.203714037698358316e-05
-1.238262842571920611e-04
-9.082612537202050529e-06
1.044500441778274842e-04
1.489548456101190063e-04
1.265510680183530232e-04
1.398722330729165221e-04
-1.338171580481150105e-04
-2.364506797185019979e-04
-2.739921448722719768e-04
-2.688453311011904968e-04
-1.595512269035219768e-04
-8.840409536210345684e-05
4.632132393973201895e-05
3.875248015873002105e-05
1.217070079985119874e-04
1.050555516803079389e-04
-1.059638129340253684e-05
-5.600944397941452421e-05
-2.273680671812995137e-04
-2.349369109623015116e-04
-3.051757812499995663e-04
-2.549186585441465432e-04
-2.821664961557539958e-04
-2.921573699466769453e-04
-2.255515446738596674e-04
-3.857082790798614484e-04
-2.458360460069444926e-04
-2.833775111607142547e-04
-9.264264787946425474e-05
-5.116538395957348842e-05
-5.328466021825421263e-05
-3.269740513392872631e-05
3.390842013888876842e-05
2.643040248325892547e-04
4.032679966517857453e-04
5.940028599330359621e-04
4.444425068204367179e-04
4.353598942832342337e-04
4.153781467013889853e-04
2.400837247333829916e-04
3.079005650111609621e-04
1.371474493117564274e-04
1.525878906250004337e-04
1.867990645151289958e-04
1.755971757192460042e-04
2.303956046937000526e-04
2.273680671812995137e-04
1.622760106646825053e-04
1.059638129340275368e-04
3.269740513392850947e-05
-1.217070079985119874e-04
-1.786247132316452421e-05
-1.320006355406745137e-04
-2.028450133308530232e-04
-1.634870256696429811e-04
-1.898266020275299684e-04
-1.029362754216296000e-05
1.441107855902775368e-04
3.663320390004960042e-04
3.160749162946429811e-04
1.365419418092759726e-04
1.828632657490079916e-04
-9.082612537202397474e-05
-1.211015004960345684e-05
8.749583410838299158e-05
-1.392667255704352000e-05
6.690857902405793894e-05
6.176176525297645895e-05
9.748670789930550737e-05
-5.328466021825399579e-05
-1.011197529141865011e-04
-1.425970168340770505e-04
-1.631842719184021032e-04
8.537655784970291789e-05
1.665145631820448210e-05
-7.478017655629951368e-05
-1.111106267051090168e-04
-8.719308035714254737e-05
-1.937624007936457685e-05
-1.241290380084303369e-05
-1.156519329737104758e-04
-1.565236893911214379e-04
-2.515883672805064274e-04
-4.220387292286709516e-04
-3.596714564732144716e-04
-2.867078024243550211e-04
-1.083858429439480547e-04
1.722668844556054547e-04
1.898266020275299684e-04
1.958816770523314800e-04
1.610649956597224632e-04
8.598206535218293894e-05
-1.180739629836257895e-05
-7.266090029761553687e-06
-9.445917038690453474e-05
1.631842719184029705e-04
2.779279436383929811e-04
1.976981995597719768e-04
3.296988351004464905e-04
1.895238482762895242e-04
2.806527273995535095e-04
1.992119683159720295e-04
4.722958519345205053e-05
-4.753233894469292842e-05
-5.994524274553639578e-05
8.810134161086257895e-05
1.559181818886405495e-04
2.261570521763390379e-04
1.477438306051585305e-04
1.220097617497515642e-04
1.362391880580307579e-05
-7.871597532242442102e-06
2.976069374689980021e-04
3.693595765128969768e-04
5.095345633370535095e-04
6.109570700024800211e-04
4.011487203931050211e-04
4.883418007502475684e-04
7.547651018415175474e-04
6.814986940414185200e-04
5.192226833767360147e-04
1.813494969928079389e-04
-8.810134161086214527e-05
-2.679370698474691642e-04
-1.883128332713290484e-04
-2.149551633804508421e-05
-2.452305385044605684e-05
6.115625775049600421e-05
5.752321273561587789e-05
-1.686338394407240274e-04
-3.493778289310519453e-04
-2.237350221664189537e-04
-1.771109444754469242e-04
-1.080830891927089116e-04
5.570669022817408000e-05
-4.026624891493094105e-05
2.966986762152710316e-05
1.353309268043150632e-04
1.422942630828309685e-05
9.506467788938412211e-05
-1.855880495101693874e-04
-1.792302207341278653e-04
-3.851027715773808853e-04
1.568264431423611774e-04
1.722668844556052650e-04
1.798357282366071816e-04
3.814697265625000000e-04
1.925513857886905239e-04
3.075978112599207347e-04
4.105340866815477868e-04
2.667260548425099895e-04
2.173771933903770521e-04
3.118363637772818579e-05
-1.044500441778274571e-04
-1.456245543464782671e-04
-1.422942630828374466e-04
-2.161661783854167389e-04
-1.795329744853670355e-04
-5.873422774057528980e-05
-6.055075024801569855e-05
4.541306268601204835e-05
-1.362391880580346204e-05
-1.268538217695931421e-04
-1.098996117001487579e-04
-4.995436895461303974e-05
-1.192849779885911984e-04
-5.479842897445437368e-05
-5.510118272569447908e-05
-2.282763284350198705e-04
-9.082612537202386632e-05
-7.901872907366069105e-05
3.088088262648818882e-05
1.792302207341270521e-04
2.007257370721726784e-04
1.544044131324404968e-04
-8.628481910342266487e-05
4.238552517361109605e-06
1.323033892919147953e-04
1.489548456101191689e-04
2.070835658482144716e-04
8.567931160094265737e-05
-9.445917038690469737e-05
9.990873790922542895e-06
9.022061786954356066e-05
1.323033892919145784e-04
1.931568932911705992e-04
4.026624891493060224e-05
1.695421006944447908e-05
4.753233894469244053e-05
2.500745985243055074e-04
5.276997884114582611e-04
1.143500918433779535e-03
1.784127856057787743e-03
2.219184996589781533e-03
1.917339506603422516e-03
1.505594404916914524e-03
8.086552695622515642e-04
1.928541395399305074e-04
2.994234599764384989e-04
1.877073257688494611e-04
2.158634246341769453e-04
1.986064608134924421e-04
3.490750751798115011e-04
3.693595765128965432e-04
4.293048192584325053e-04
3.953963991195435200e-04
3.139556400359624737e-04
2.615792410714289432e-04
2.225240071614584779e-04
1.970926920572919558e-04
1.547071668836805074e-04
1.114133804563490274e-04
5.873422774057505263e-05
-6.993611653645891157e-05
-1.435052780877979495e-04
-2.300928509424643789e-05
-1.301841130332344505e-04
3.996349516369006316e-05
3.330291263640809685e-05
-1.065693204365084253e-04
-3.935798766121437892e-06
8.144075908358104632e-05
1.383584643167160358e-04
2.116248721168150632e-04
6.993611653645804421e-05
-8.628481910342294947e-05
-1.456245543464784568e-04
-2.945793999565974632e-04
-5.116538395957392210e-05
3.602769639756905895e-05
-1.150464254712343579e-05
2.476525685143845558e-04
1.892210945250495137e-04
1.571291968936010253e-04
2.518911210317460042e-04
1.268538217695930337e-04
7.326640780009902737e-05
-7.114713154141895368e-05
-1.177712092323914168e-04
-2.406892322358634463e-04
-3.360566638764884463e-04
-2.070835658482144716e-04
-1.489548456101190063e-04
-6.539481026785701895e-05
5.267915271577397474e-05
-1.102023654513885516e-04
-2.219184996589780232e-04
-2.951849074590770505e-04
-3.075978112599205179e-04
-2.182854546440974632e-04
-3.502860901847719768e-04
-3.106253487723219242e-04
-2.900380936879964379e-04
-1.353309268043154968e-04
2.285790821862599895e-04
2.331203884548614484e-04
2.394782172309029705e-04
1.680283319382440063e-04
2.815609886532748421e-05
8.567931160094249474e-05
6.448654901413698737e-05
1.265510680183534568e-04
9.203714037698401684e-05
1.404777405753965432e-04
2.337258959573410358e-04
1.789274669828865537e-04
3.296988351004464905e-04
9.688120039682548632e-05
-1.634870256696403790e-05
-3.088088262648801263e-05
-2.043587820870535095e-04
-3.178914388020804421e-05
2.564324273003474632e-04
4.471672905815974632e-04
6.300305563306050211e-04
8.686005123077870926e-04
8.198571583581341221e-04
7.838294619605650632e-04
5.531311035156250000e-04
1.235235305059529179e-04
-1.867990645151281284e-04
-3.984239366319440590e-04
-3.596714564732140379e-04
-1.740834069630459516e-04
-5.600944397941495789e-05
9.990873790922949471e-06
1.047527979290679284e-04
9.930323040674687157e-05
1.362391880580359621e-04
1.002114916604660358e-04
-1.392667255704395368e-05
-6.690857902405793894e-05
-1.528906443762400105e-04
-1.117161342075890379e-04
-1.438080318390370926e-04
-6.478930276537613053e-05
6.055075024808884154e-07
-4.934886145213212422e-05
6.357828776041955787e-06
1.020280141679069663e-04
3.027537512400972630e-06
-9.657844664558504211e-05
7.871597532242008421e-06
-1.211015004960042107e-06
-1.765054369729660358e-04
-1.135326567150299684e-04
-2.161661783854169558e-04
-3.284878200954868821e-04
-1.347254193018359095e-04
-2.391754634796690315e-05
-5.237639896453396421e-05
1.453218005952397474e-05
5.146813771081046318e-06
-3.935798766121004211e-05
6.569756401909789684e-05
-1.725696382068406948e-05
4.026624891493094105e-05
2.361479259672602526e-05
-8.113800533234190315e-05
-6.357828776041782315e-05
-7.780771406870092000e-05
-9.809221540178596210e-05
-2.422030009920951577e-06
2.694508386036700842e-05
-1.211015004960909469e-06
-1.392667255704482104e-05
-9.688120039682635368e-05
-1.320006355406753810e-04
-1.235235305059529179e-04
-1.601567344060019979e-04
-2.482580760168650105e-04
-2.546159047929065326e-04
-2.422030009920630653e-04
-1.852852957589280758e-04
7.326640780009946105e-05
1.192849779885914695e-04
1.801384819878474632e-04
1.519823831225199789e-04
-8.022974407862057053e-05
4.889473082527281316e-04
4.665435306609623111e-04
8.537655784970243000e-05
-2.537076435391865011e-04
-3.327263726128472463e-04
-3.154694087921627432e-04
-2.988179524739583695e-04
-8.991786411830356368e-05
-1.304868667844741900e-04
-9.022061786954356066e-05
3.088088262648816171e-05
-5.146813771081222501e-06
7.750496031746040803e-05
-7.266090029761838290e-06
2.028450133308542158e-05
1.528906443762401189e-04
1.550099206349207076e-04
2.694508386036706805e-04
3.281850663442460584e-04
1.459273080977183047e-04
2.300928509424603674e-04
5.013602120535714905e-04
4.759288969494048600e-04
6.808931865389387158e-04
5.355713859437004863e-04
3.212217300657241358e-04
4.329378642733133905e-04
2.079918271019342863e-04
1.574319506448410358e-04
-7.054162403893871579e-05
-2.252487909226192232e-04
-5.358741396949422316e-05
3.330291263640853053e-05
1.089913504464285095e-04
3.057812887524800211e-05
2.543131510416673895e-05
3.027537512400799158e-05
5.146813771081349895e-05
2.058725508432526947e-05
-1.120188879588299158e-05
-5.389016772073401684e-05
-1.232207767547122568e-04
-1.689365931919640379e-04
-5.540393647693450316e-05
1.165601942274305074e-04
2.113221183655754863e-04
4.199194529699900105e-04
3.354511563740079916e-04
1.822577582465277537e-04
1.344226655505952484e-04
1.241290380084325053e-04
8.204626658606150105e-05
4.450480143229173895e-05
1.849825420076884989e-04
1.383584643167162526e-04
2.155606708829365011e-04
2.618819948226685200e-04
1.026335216703867705e-04
2.558269197978670084e-04
2.649095323350694926e-04
4.141671316964287263e-04
3.666347927517360147e-04
1.589457194010415221e-04
1.329088967943945453e-04
5.722045898437456632e-05
1.559181818886405495e-04
1.274593292720730547e-04
-8.477105034722463156e-06
-1.105051192026289958e-04
-1.150464254712300211e-04
-2.270653134300556000e-05
2.361479259672645895e-05
-2.936711387028752632e-05
4.844060019841469472e-06
8.386278909350199789e-05
4.178001767113099368e-05
1.840742807539684674e-04
2.085973346044149579e-04
-1.211015004960042107e-06
-2.058725508432505263e-05
-4.389929392981106737e-05
-1.513768756200395242e-04
-2.845885261656749474e-05
6.993611653645847789e-05
3.057812887524800211e-05
1.262483142671130126e-04
2.270653134300595032e-04
2.812582349020335305e-04
7.762606181795630653e-04
9.206741575210810463e-04
1.182556152343750000e-03
1.264602418929811501e-03
9.648762052021329916e-04
9.361145988343250526e-04
5.619109623015870400e-04
2.812582349020330968e-04
1.089913504464280758e-04
-5.964248899429595158e-05
-4.995436895461387999e-05
1.071748279389880126e-04
1.092941041976680863e-04
1.374502030629960042e-04
9.324815538194492631e-05
1.686338394407240274e-04
2.119276258680559410e-04
1.867990645151289958e-04
2.246432834201389853e-04
3.633045014880993684e-05
3.118363637772802316e-05
-6.872510153149800211e-05
-1.250372992621529705e-04
-1.344226655505958989e-04
-2.152579171316969242e-04
-2.564324273003478968e-04
-1.207987467447928231e-04
-2.058725508432548632e-04
-2.158634246341769453e-04
-2.876160636780793894e-05
-5.843147398933504211e-05
-2.119276258680507369e-05
3.421117389012899579e-05
-1.846797882564497895e-05
6.872510153149713474e-05
1.768081907242051790e-04
1.332116505456341221e-04
9.960598415798601474e-05
-5.843147398933504211e-05
-8.810134161086214527e-05
6.963336278521890105e-05
2.279735746837799684e-04
2.564324273003478968e-04
1.880100795200899053e-04
1.861935570126498421e-04
5.873422774057678736e-05
1.038445366753478968e-04
1.156519329737109095e-04
-6.055075024800210537e-07
6.751408652653796000e-05
-2.845885261656706106e-05
1.880100795200890379e-04
2.067808120969740274e-04
1.607622419084811516e-04
1.825605119977671137e-04
-9.688120039682938944e-06
-9.415641663566495789e-05
3.269740513392894316e-05
-1.068720741877480021e-04
3.421117389012899579e-05
1.967899383060502105e-05
-2.240377759176589642e-04
-1.017252604166669558e-04
-5.510118272569492631e-05
2.300928509424600421e-04
3.811669728112591221e-04
2.891298324342751053e-04
1.050555516803070716e-04
-1.498631068638399053e-04
-1.768081907242069137e-04
-9.022061786954395368e-05
-1.238262842571929284e-04
4.783509269593207158e-05
-2.815609886532791789e-05
-1.604594881572489473e-05
-1.998174758184589894e-05
-2.300928509424609095e-04
-2.219184996589780232e-04
-1.083858429439480547e-04
-2.603682260664610948e-05
-3.905523390996916422e-05
1.186794704861118821e-04
-7.296365404885814948e-05
-9.052337162078309685e-05
1.453218005952397474e-05
-1.544044131324400632e-05
1.150464254712300211e-04
2.222212534102180337e-04
4.710848369295630653e-04
6.790766640314980021e-04
7.011776878720239747e-04
7.184346516927089116e-04
5.818927098834338063e-04
2.812582349020348316e-04
1.371474493117568610e-04
3.935798766121871572e-06
-1.686338394407240274e-04
-1.201932392423119347e-04
-3.935798766121871572e-06
1.071748279389871453e-04
9.264264787946317053e-05
1.347254193018341747e-04
2.512856135292607790e-05
9.082612537200315805e-07
1.135326567150299684e-04
2.543131510416695579e-05
2.110193646143350421e-04
1.017252604166660884e-04
-2.966986762152797052e-05
6.388104151165672237e-05
4.087175641741070461e-05
5.903698149181550362e-05
-3.330291263640867961e-05
-4.359654017857143632e-05
3.766256665426587474e-04
3.036620124937995137e-04
3.324236188616071274e-04
3.636072552393352589e-04
-1.271565755208336947e-05
2.633957635788682474e-05
-1.867990645151291042e-04
-2.558269197978671711e-04
-2.470470610119048058e-04
-1.861935570126487850e-04
7.023887028769848842e-05
2.216157459077381753e-04
1.998174758184524842e-04
5.561586410280258642e-04
4.556443956163194926e-04
4.535251193576389311e-04
4.798646957155257016e-04
1.934596470424106368e-04
3.357539101252477853e-04
2.300928509424600421e-04
1.271565755208331526e-04
1.471383231026784011e-04
-1.271565755208326105e-05
4.480755518353196631e-05
6.509205651661733368e-05
-3.875248015872980421e-05
-1.922486320374501611e-04
-1.886155870225692758e-04
-1.643952869233630126e-04
-6.509205651661700842e-05
1.419915093315971379e-04
1.132299029637895242e-04
1.132299029637895242e-04
-5.025712270585334842e-05
-1.310923742869543737e-04
-2.001202295696923863e-04
-3.424144926525296432e-04
-1.456245543464780232e-04
-1.864963107638887684e-04
-1.329088967943948705e-04
1.422942630828374737e-05
-1.459273080977183589e-04
-5.631219773065486000e-05
-9.112887912326387684e-05
-1.198904854910714905e-04
-2.812582349020337474e-04
-3.745063902839781858e-04
-3.278823125930059395e-04
-1.874045720176091253e-04
3.572494264632942789e-05
-1.120188879588288316e-05
6.388104151165680368e-05
-1.138354104662697621e-04
-1.453218005952375790e-05
1.108078729538691147e-04
3.905523390997030263e-05
5.873422774057543210e-05
-8.991786411830356368e-05
2.724783761160691053e-06
-8.870684911334330474e-05
-7.508293030753968684e-05
1.241290380084330474e-05
-1.568264431423610689e-04
-6.055075024801582053e-05
9.476192413814492474e-05
1.180739629836310479e-04
3.296988351004465447e-04
6.279112800719247305e-04
4.492865668402778079e-04
6.194341750372022674e-04
5.791679261222717600e-04
3.451392764136903884e-04
3.835890028211805074e-04
1.992119683159722463e-04
1.601567344060019979e-04
1.949734157986112316e-04
1.722668844556052379e-04
8.234902033730172842e-05
-1.967899383060502105e-05
3.421117389012899579e-05
6.236727275545626316e-05
8.295452783978153263e-05
6.630307152157705053e-05
-1.114133804563494611e-04
-4.511030893477197684e-05
-5.055987645709325053e-05
8.870684911334325053e-05
8.053249782986101474e-05
-5.146813771081349895e-05
-1.786247132316474105e-05
-1.295786055307539958e-04
-9.900047665550577684e-05
9.627569289434524842e-05
-2.028450133308525895e-05
8.144075908358148000e-05
1.565236893911210042e-04
-4.904610770089276421e-05
-2.694508386036700842e-05
1.525878906250000000e-04
8.204626658606150105e-05
1.313951280381942758e-04
1.722668844556050211e-04
1.253400530133927642e-04
1.562209356398809937e-04
2.970014299665179811e-04
3.454420301649305074e-04
9.143163287450399579e-05
6.811959402901776421e-05
3.300015888516873684e-05
-3.542218889508903790e-05
-6.085350399925577684e-05
-2.300928509424578737e-05
-5.600944397941452421e-05
-1.453218005952375790e-05
7.387191530257948210e-05
5.752321273561522737e-05
-7.417466905381927579e-05
-6.539481026785701895e-05
-2.225240071614582611e-04
-1.653035481770832611e-04
-2.201019771515377432e-04
-1.235235305059522674e-04
-5.510118272569427579e-05
-2.240377759176576632e-05
1.301841130332342337e-04
1.026335216703869874e-04
2.134413946242559937e-04
1.177712092323909832e-04
2.149551633804573474e-05
4.874335394965297052e-05
-2.391754634796603579e-05
7.084437779017872631e-05
2.052670433407739747e-04
8.567931160094249474e-05
1.801384819878472463e-04
2.022395058283727853e-04
2.561296735491068021e-04
3.175886850508430337e-04
1.335144042968747832e-04
1.604594881572420084e-04
1.156519329737104758e-04
-3.269740513392850947e-05
2.573406885540653263e-05
-1.214042542472719768e-04
-1.050555516803079389e-04
-5.358741396949444000e-05
7.871597532242008421e-06
-4.238552517361014738e-06
-1.789274669828865537e-04
-1.174684554811503221e-04
-1.238262842571920611e-04
-2.458360460069442758e-04
-2.228267609126982716e-04
-3.348456488715277537e-04
-3.327263726128472463e-04
-1.174684554811507558e-04
-5.691770523313498947e-05
2.101111033606150105e-04
1.398722330729167389e-04
1.907348632812502168e-04
1.946706620473712211e-04
2.168404344971008868e-19
6.145901150173623158e-05
-1.422942630828374737e-05
2.730838836185515116e-04
4.847087557353667916e-04
6.079295324900788316e-04
4.108368404327870926e-04
1.961844308035710568e-04
3.300015888516852000e-05
-9.052337162078353053e-05
1.135326567150299684e-04
3.024509974888394716e-04
2.600654723152284568e-04
2.267625596788194926e-04
3.633045014880950316e-05
-1.501658606150794821e-04
-1.189822242373514589e-04
-2.285790821862599895e-04
-1.713586232018849895e-04
-1.980009533110119874e-04
-3.033592587425595032e-04
-2.567351810515874737e-04
-1.344226655505954653e-04
-1.541016593812004863e-04
-3.996349516369049684e-05
-6.902785528273801263e-05
-1.114133804563490274e-04
-5.146813771081349895e-05
-1.695421006944449263e-05
1.389639718191964905e-04
1.704503619481649579e-04
1.580374581473219242e-04
1.774136982266869347e-04
1.725696382068454653e-04
1.383584643167164695e-04
1.674228244357639853e-04
2.004229833209325053e-04
1.419915093315974632e-04
1.713586232018849895e-04
1.789274669828869874e-04
1.111106267051094505e-04
1.571291968936014589e-04
8.265177408854195579e-05
-2.512856135292651158e-05
-3.723871140252996842e-05
-2.755059136284746316e-05
1.180739629836305600e-04
1.132299029637895242e-04
5.298190646701398526e-05
-7.841322157118050737e-05
-1.698448544456840695e-04
-1.864963107638885516e-04
-1.755971757192451368e-05
-1.171657017299105284e-04
-1.659090556795634989e-04
2.300928509424600421e-05
-1.395694793216765116e-04
7.205539279513898526e-05
-2.724783761160528422e-06
-1.117161342075890379e-04
-3.027537512400538949e-06
-1.428997705853174947e-04
-1.513768756200486315e-06
7.029942103794640379e-04
9.315732925657240274e-04
1.558576311383928509e-03
1.653943743024553076e-03
1.166510203528025105e-03
7.904900444878465958e-04
2.842857724144336358e-04
9.688120039682505263e-05
-1.813494969928079389e-04
-1.059638129340279705e-04
-4.995436895461301263e-05
2.210102384052597263e-05
6.781684027777883789e-05
2.361479259672689263e-05
-1.304868667844731600e-04
-2.461387997581836358e-04
-2.555241660466265642e-04
-1.765054369729660358e-04
-3.421117389012899579e-05
-1.029362754216296000e-05
-2.240377759176598316e-05
-3.360566638764897474e-05
-2.785334511408747368e-05
1.256428067646325579e-04
1.819550044952875263e-04
8.598206535218293894e-05
1.416887555803574526e-04
-8.477105034721162113e-06
-1.392667255704308632e-05
7.266090029761900632e-05
1.656063019283230547e-04
1.422942630828361726e-04
1.168629479786700842e-04
3.935798766121004211e-05
-1.901293557787699789e-04
-6.993611653645804421e-05
-4.934886145213299158e-05
-2.085973346044149579e-04
-3.451392764136900632e-05
1.604594881572402737e-05
2.512856135292607790e-05
1.117161342075890379e-04
-6.448654901413742105e-05
-2.346341572110619347e-04
-2.240377759176589642e-04
-1.023307679191469768e-04
7.568843781001997895e-06
6.660582527281966314e-06
-1.622760106646820716e-04
-1.952761695498510253e-04
-9.385366288442451368e-05
5.691770523313498947e-05
1.413860018291170084e-04
7.538568405877996842e-05
-3.251575288318450316e-04
-3.817724803137400105e-04
-2.379644484747024842e-04
-2.025422595796134463e-04
6.418379526289654316e-05
9.022061786954352000e-05
7.992699032738099368e-05
1.525878906250000000e-04
1.701476081969245137e-04
1.232207767547120400e-04
7.780771406870005263e-05
1.277620830233134989e-04
1.362391880580359621e-04
1.507713681175599368e-04
