3.612861431464945322e-05
-1.574319506448411510e-05
-1.259455605158730021e-04
-1.253400530133928455e-04
-8.537655784970233513e-05
1.937624007936510201e-05
-2.341295676256611763e-05
-2.099092675264547438e-05
-4.561489852017190178e-05
-1.009179170800264037e-04
-7.245906446345899026e-05
-1.097986937830687905e-04
-6.196360108713624461e-05
-5.833055607225529158e-05
-9.143163287450398224e-05
-8.053249782986110961e-05
-2.068817300140541845e-04
-2.044597000041335582e-04
-1.606613239914020516e-04
-1.937624007936507558e-04
-1.556154281374007558e-04
-1.311932922040343682e-04
-7.851413948826058316e-05
-1.570282789765211392e-04
-1.586429656498015387e-04
-1.239272021742724621e-04
-1.574319506448408799e-05
6.579848193617728145e-05
8.033066199570108000e-05
9.990873790922617434e-05
8.436737867890209224e-05
1.503676964492394168e-04
4.722958519345237579e-05
-5.772504856977512822e-05
-1.493585172784391739e-04
-1.433034422536375811e-04
-1.653035481770833424e-04
-3.643136806588955184e-04
-3.758183232060185205e-04
-3.419099030671296437e-04
-2.488635835193452484e-04
-1.630833540013227592e-04
-9.526651372354499197e-05
-5.045895854001324928e-05
4.904610770089290651e-05
9.889955873842598566e-05
1.986064608134920897e-04
2.121294617022156589e-04
1.592484731522818308e-04
2.734875552868717605e-04
3.267722155051256479e-04
3.515980231068121489e-04
2.407901501529431155e-04
1.971936099743716792e-04
2.204047309027777266e-04
1.695421006944443842e-04
1.655053840112426063e-05
-8.073433366402126118e-05
-6.640398943865749224e-05
-4.157818183697102506e-05
-1.215051721643519442e-04
-1.836706090856481913e-04
-1.196886496569114067e-04
-8.275269200562130313e-06
6.297278025793654171e-05
1.160556046420304943e-04
1.895238482762897411e-04
3.300015888516865011e-04
2.212120742394180347e-04
1.697439365286045087e-04
1.824595940806878239e-04
3.269740513392857046e-05
1.043491262607473407e-04
8.497288618138227592e-05
1.814504149098875811e-04
6.922969111689819132e-05
2.946803178736778168e-05
1.104042012855490149e-04
6.559664610201723829e-05
5.045895854001359317e-06
-7.104621362433862039e-05
-4.258736100777117309e-05
-2.131386408730158747e-04
-1.848816240906084503e-04
-2.993225420593584232e-04
-3.057812887524801295e-04
-2.107166108630952213e-04
-2.561296735491071816e-04
-7.649578114666008382e-05
-1.311932922040344224e-04
-6.014707857969578842e-05
-1.483493381076388768e-04
-1.093950221147486364e-04
-8.315636367394168421e-05
-9.546834955770492671e-05
-9.143163287450384671e-05
1.029362754216281600e-05
7.144988529265881513e-05
4.319286851025137033e-05
1.509732039517196276e-04
1.356336805555555887e-04
1.955789233010912255e-04
1.994138041501322624e-04
2.482580760168650105e-04
1.634870256696428455e-04
1.013215887483465036e-04
1.657072198454034287e-04
6.438563109705687092e-05
4.844060019841261949e-06
3.511943514384922388e-05
9.344999121610449513e-05
1.977991174768518358e-04
1.211015004960316715e-05
-1.634870256696425474e-05
6.660582527281767261e-06
-6.902785528273806684e-05
5.389016772073417947e-05
1.412850839120437631e-06
2.597627185639880668e-04
3.863137865823411984e-04
3.796532040550595032e-04
2.833775111607142547e-04
1.166611121445105832e-04
1.120188879588294143e-04
-8.214718450314142776e-05
-6.822051194609777224e-05
-6.680766110697738882e-05
9.365182705026464671e-05
1.638906973379630403e-04
1.211015004960317495e-04
1.937624007936507829e-04
2.123312975363756208e-04
2.129368050388557503e-04
1.227161871693121218e-04
2.103129391947750808e-04
2.870105561755951942e-04
3.879284732556216521e-04
5.298190646701388768e-04
6.977464786913030242e-04
1.221914140004960259e-03
1.311125578703703672e-03
1.438685825892857019e-03
1.381364448991401943e-03
1.422538959160052699e-03
1.783421430638227429e-03
1.941660724619709072e-03
2.295478941902281533e-03
2.211918906560019979e-03
2.496305596891534341e-03
2.605700619006283154e-03
2.769793152178406589e-03
2.671902772610780779e-03
2.335240601231812745e-03
2.503571686921297196e-03
2.491461536871693739e-03
2.726196611999835099e-03
2.472488968460648164e-03
2.416378606564153347e-03
2.336047944568452051e-03
2.170542560557207987e-03
1.851843778418484771e-03
1.388832374855323432e-03
1.046720635954033474e-03
7.116731512483454600e-04
8.184443075190140368e-04
7.360952871817127421e-04
6.646454018890539947e-04
6.317461609209653337e-04
4.579655077091605853e-04
3.727907856936191200e-04
1.124225596271499343e-04
9.304631954778462566e-05
1.707531156994052666e-04
5.409200355489460210e-05
3.976165932953005388e-05
-4.400021184689193598e-05
-3.955982349537062737e-05
-9.486284205523221047e-06
-1.342208297164364792e-04
-2.234322684151803797e-04
-2.284781642691811334e-04
-1.945697441302930155e-04
-1.471383231026803797e-04
-1.677255781870057305e-04
-1.112115446221910442e-04
2.240377759176482780e-05
9.708303623098477053e-05
5.631219773065410106e-05
1.211015004960042107e-06
-5.247731688161338948e-06
5.449567522321924207e-06
-9.910139457258600171e-05
-1.533952339616411755e-04
-5.954157107721652631e-05
-1.271565755208448925e-05
-1.433034422536454652e-05
-8.800042369378387197e-05
-5.308282438409398651e-05
-3.411025597304870316e-05
-4.198185350529071158e-05
-4.016533099785007244e-05
-6.277094442377663408e-05
0.000000000000000000e+00
3.834880849040942652e-05
1.332116505456277558e-05
-7.528476614170054315e-05
-1.305877847015551874e-04
-1.122207237929905010e-04
-1.402759047412378281e-04
-2.773224361359132310e-04
-2.236341042493386611e-04
-2.268634775958987824e-04
-2.327167167865407116e-04
-2.892307503513553979e-04
-2.569370168857473542e-04
-5.833055607225532546e-05
-5.812872023809589894e-05
2.220194175759498956e-06
1.897256841104412800e-05
8.699124452298211119e-05
1.065693204365079916e-04
-2.724783761160730694e-05
1.998174758184589894e-05
2.200010592344596799e-05
8.921143869874391407e-05
-5.651403356481468632e-05
-1.493585172784398821e-05
6.418379526289610948e-05
-3.027537512400914693e-05
1.412850839119470955e-06
-1.285694263599551081e-04
2.341295676256544001e-05
-4.541306268601256335e-05
-5.671586939897527158e-05
-5.974340691137595283e-05
-1.095968579489086796e-04
-6.014707857969481264e-05
-4.500939101769139283e-05
7.649578114666058526e-05
-1.877073257688354274e-05
9.122979704034514525e-05
2.220194175761811779e-06
4.662407769097260546e-05
-1.311932922040334737e-04
-1.929550574570094990e-04
-4.722958519345205053e-05
-2.311020301132606645e-04
-6.822051194609855828e-05
-4.036716683200140534e-07
1.624778464988420876e-04
1.711567873677241061e-04
8.800042369378272000e-05
2.595608827298280237e-04
1.560190998057207066e-04
1.659090556795627671e-04
7.911964699074010277e-05
1.251382171792274864e-05
4.642224185680739370e-06
-6.600031777033790736e-05
-3.592677848048934230e-05
-1.687347573578040218e-04
-9.506467788938470487e-05
-7.891781115658066947e-05
-1.655053840112404379e-05
4.097267433449125473e-05
9.506467788938470487e-05
4.440388351521079580e-05
6.721133277529679751e-05
1.291749338624276211e-05
8.759675202546154948e-05
-1.614686673281212625e-06
-6.357828776041667118e-05
-1.190831421544214821e-05
-8.497288618138088001e-05
-2.462397176752548211e-05
-6.761500444361680251e-05
1.796338924024467115e-05
7.871597532242008421e-05
1.774136982266860674e-04
2.036523566674927621e-04
1.241290380084315024e-04
1.150464254712294383e-04
1.194868138227507537e-04
4.460571934937138106e-05
-3.572494264632991579e-05
-6.095442191633599493e-05
6.499113859953729855e-05
-3.249556929976864928e-05
-5.631219773065410106e-05
1.227161871693131789e-04
1.941660724619718450e-04
3.009372287326392563e-04
2.472488968460658247e-04
2.855977053364764100e-04
1.953770874669318871e-04
1.533952339616402539e-04
1.598539806547619603e-04
1.659090556795635261e-04
1.546062489666006213e-04
1.856889674272487855e-04
1.412850839120371224e-04
1.301841130332342066e-04
1.424960989169974355e-04
1.083858429439484884e-04
7.447742280505957092e-05
1.192849779885912526e-04
1.552117564690806695e-04
1.899275199446097189e-04
1.295786055307538603e-04
1.685329215236440871e-04
1.489548456101189792e-04
8.658757285466267539e-05
1.360373522238756750e-04
6.438563109705691158e-05
5.429383938905424546e-05
5.146813771081349895e-05
1.796338924024474569e-05
3.431209180720899704e-05
-3.955982349537041053e-05
-8.255085617146166316e-05
1.150464254712307495e-05
-1.208996646618716657e-04
-1.194868138227513364e-04
-1.864963107638888497e-04
-1.996156399842922513e-04
-1.041472904265871891e-04
-1.824595940806877697e-04
-7.972515449322084211e-05
-1.356336805555555074e-04
-8.739491619130287513e-05
-1.271565755208333390e-05
-8.699124452298287013e-05
-2.018358341600575999e-06
1.003124095775462607e-04
2.109184466972552645e-04
1.416887555803571274e-04
7.104621362433866105e-05
1.695421006944445197e-04
1.204959929935516607e-04
-1.311932922040334737e-05
-3.633045014880849265e-06
1.051564695973876488e-04
1.328079788773148218e-04
7.871597532242058566e-05
-3.895431599289031493e-05
2.220194175760438739e-06
-3.491759930968930947e-05
-4.622040602265230230e-05
-1.412850839120555157e-06
7.427558697089935158e-05
2.914509445271163605e-04
2.331203884548610961e-04
2.575425243882274837e-04
2.924601236979165763e-04
3.053776170841600974e-04
2.543131510416666847e-04
2.093037600239748379e-04
2.565333452174271595e-04
2.839830186631943300e-04
1.739824890459656589e-04
1.194868138227513364e-04
7.629394531250000000e-05
3.148639012896832507e-05
3.229373346560864000e-05
6.438563109705712842e-05
6.862418361441973050e-06
-1.554135923032386526e-05
-7.326640780009902737e-05
-6.822051194609769092e-05
-5.611036189649452546e-05
-9.526651372354485645e-05
-4.238552517361101474e-05
1.655053840112433516e-05
-1.049546337632267790e-05
-8.860593119626317474e-05
-4.299103267609132717e-05
-2.886252428488765220e-05
-1.533952339616414737e-05
-4.521122685185197809e-05
3.189006179728819454e-05
9.950506624090587119e-05
6.741316860945751829e-05
-8.880776703042476627e-06
-3.128455429480831579e-05
-3.310107680224881263e-05
1.877073257688470148e-05
-6.398195942873697434e-05
-5.933973524305579875e-05
2.644049427496670063e-05
8.820225952794287158e-05
6.277094442377620040e-05
5.893606357473534651e-05
1.267529038525131747e-04
1.713586232018848539e-04
8.255085617146151408e-05
9.385366288442451368e-05
6.115625775049600421e-05
-2.785334511408732799e-05
-2.966986762152782484e-05
-6.055075024801511580e-06
6.559664610201731960e-05
2.224230892443784834e-04
3.723871140252979495e-04
5.534338572668653358e-04
6.612141927083335863e-04
6.949207770130623116e-04
6.769573877728176032e-04
5.893606357473546442e-04
6.081313683242393084e-04
4.087175641741070189e-04
2.424048368262233524e-04
1.453218005952380126e-04
1.166611121445103663e-04
2.926619595320737938e-05
-7.467925863921965474e-05
2.644049427496699201e-05
1.013215887483466526e-04
-2.018358341600532885e-05
-5.126630187665334737e-05
-1.313951280381943571e-04
-1.764045190558863124e-04
-1.677255781870039958e-04
-1.564227714740410097e-04
-1.277620830233133634e-04
-1.311932922040343411e-04
-1.116152162905090299e-04
-2.401846426504604043e-05
-1.100005296172286846e-04
-1.792302207341269979e-04
-2.139459842096565895e-05
1.392667255704366400e-05
-3.814697265625000000e-05
-1.368446955605159832e-04
-1.531933981274803192e-04
-1.695421006944446282e-04
-2.684416594328706274e-04
-2.773224361359129600e-04
-1.901293557787702771e-04
-1.705512798652449524e-04
-6.922969111689831329e-05
-4.561489852017199664e-05
-1.215051721643518358e-04
-7.467925863921965474e-05
-7.589027364417998145e-05
-1.887165049396496497e-04
-1.988082966476522955e-04
-1.560190998057211403e-04
1.513768756200385179e-05
2.684416594328700378e-05
1.017252604166666712e-04
3.277813946759259721e-04
3.168822596312829911e-04
2.660196294229498384e-04
9.143163287450399579e-05
1.259455605158730021e-04
1.150464254712300211e-05
-1.445144572585979755e-04
-2.690471669353504858e-04
-2.430103443287038071e-04
-9.445917038690496842e-05
-1.130280671296296572e-04
-9.748670789930565645e-05
6.095442191633599493e-05
1.933587291253308050e-04
1.804412357390874737e-04
2.097074316922952766e-04
9.244081204530432000e-05
1.963862666377316421e-04
2.296891792741403082e-04
2.072854016823743250e-04
2.613774052372683579e-04
1.576337864790010518e-04
1.840742807539680337e-04
1.261473963500330182e-04
5.732137690145500125e-05
1.542025772982803453e-04
2.391754634796626618e-04
3.195061254753636605e-04
6.949207770130623116e-04
9.787019598420964358e-04
1.419511421647651943e-03
1.636686779203868789e-03
1.769696593915343411e-03
1.939238694609788120e-03
1.618319718295304103e-03
1.407401271598049354e-03
9.815276615203372568e-04
7.308475554935519453e-04
3.855064432457018932e-04
1.519823831225205482e-04
1.293767696965945760e-04
6.640398943865792592e-05
9.001878203538452039e-05
8.012882616154186355e-05
2.189918800636579124e-04
2.958913328786379605e-04
2.036523566674933313e-04
1.535970697958000261e-04
5.510118272569405895e-05
-6.458746693121959579e-06
-4.077083850033066947e-05
-1.443126214244373903e-04
-5.853239190641475875e-05
-9.889955873842079165e-06
-5.772504856977472842e-05
-6.034891441385539790e-05
-4.803692853009208086e-05
4.480755518353196631e-05
-4.823876436425208336e-05
-9.284448371362347119e-05
-1.128262312954687874e-04
-2.654141219204687874e-04
-1.975972816426913861e-04
-2.650104502521487553e-04
-1.977991174768514021e-04
-2.742948986235113911e-04
-1.711567873677241061e-04
-4.218368933945013810e-05
-9.647752872850416672e-05
-1.400740689070761045e-04
-9.486284205522411961e-05
-6.256910858961374319e-06
-3.209189763144805474e-05
-6.458746693121669724e-05
-1.644962048404427361e-04
-1.481475022734781018e-04
-7.548660197585939369e-05
-4.238552517361072336e-05
-1.449181289269180076e-04
-1.055601412657079520e-04
7.548660197585939369e-05
1.322024713748340961e-04
9.466100622106468632e-05
5.146813771081335665e-05
1.416887555803573171e-04
1.293767696965939797e-04
1.735788173776465010e-05
5.691770523313528085e-05
3.148639012896860967e-05
1.554135923032412547e-04
1.743861607142859621e-04
3.118363637772819663e-04
2.900380936879960042e-04
2.107166108630947334e-04
2.375607768063814492e-04
1.144409179687494172e-04
7.245906446345870566e-05
-4.077083850033066947e-05
3.814697265625000000e-05
1.001105737433866105e-04
4.662407769097260546e-05
8.739491619130328171e-05
1.178721271494712758e-04
2.052670433407739747e-04
9.324815538194464171e-05
1.485511739417992724e-04
1.485511739417992724e-04
9.667936456266533474e-05
1.100005296172286846e-04
3.774330098792998822e-05
2.008266549892526729e-04
2.028450133308527250e-04
4.129561166914680337e-04
5.960212182746360684e-04
7.526458255828367147e-04
8.709216244006274263e-04
8.029029482886895211e-04
7.457834072213948137e-04
5.594889322916660884e-04
5.126630187665340158e-04
3.203134688120033995e-04
2.214139100735779966e-04
1.792302207341266997e-04
1.875054899346887403e-04
2.105147750289341482e-04
8.900960286458217685e-05
1.935605649594900892e-04
2.143496558779748597e-04
2.040560283358127671e-04
1.937624007936506745e-04
2.200010592344573692e-04
2.825701678240734316e-04
2.922582878637560995e-04
3.211208121486446021e-04
3.413043955646499479e-04
3.063867962549600421e-04
1.578356223131613389e-04
1.871018182663698737e-04
1.047527979290685112e-04
8.255085617146194776e-05
1.079821712756283072e-04
1.079821712756283072e-04
1.348263372189153618e-04
8.356003534226189250e-05
1.231198588376321031e-05
-5.994524274553573849e-05
-1.320006355406746221e-04
-1.554135923032407668e-04
-1.253400530133928997e-04
-1.469364872685185476e-04
-3.653228598296963441e-05
1.144409179687499322e-04
2.950839895419972458e-04
3.005335570643186821e-04
2.105147750289351239e-04
1.041472904265872162e-04
9.889955873842586368e-05
1.257437246817129318e-04
-8.820225952794312908e-05
-7.770679615162036987e-05
-7.891781115658068303e-05
3.653228598296960053e-05
-8.658757285466267539e-05
-6.014707857969575454e-05
5.146813771081349895e-05
3.269740513392858401e-05
6.256910858961645370e-06
2.260561342592593484e-05
3.511943514384921033e-05
-2.664233010912699789e-05
-7.891781115658066947e-05
-6.075258608217591789e-05
-3.471576347552910368e-05
-3.592677848048943717e-05
-3.108271846064814388e-05
-1.770100265583663876e-04
-6.519297443369707066e-05
-1.441107855902777537e-04
-1.410832480778769708e-04
-1.592484731522817224e-04
-2.197992234002975971e-04
-1.350281730530754050e-04
-2.799463019799934126e-04
-1.824595940806878239e-04
-1.691384290261243792e-04
-2.004229833209325866e-04
-1.612668314938822895e-04
-1.873036541005291579e-04
-1.138354104662698705e-04
-1.796338924024474569e-05
3.128455429480817349e-05
1.588448014839616632e-04
2.977078553860780237e-04
3.580567697999338553e-04
3.616898148148148489e-04
2.932674670345568574e-04
2.975060195519179805e-04
2.417993293237433855e-04
1.685329215236441684e-04
4.743142102761241895e-05
1.513768756200395005e-05
-6.398195942873678461e-05
9.082612537202357155e-06
1.354318447213954642e-04
-2.078909091848545832e-05
-1.816522507440475158e-05
1.225143513351521329e-04
1.122207237929894304e-04
6.378012359457676855e-05
-1.152482613053901726e-04
4.440388351521166316e-06
1.217070079985118789e-04
1.675237423528437832e-05
6.458746693121690053e-05
4.198185350529096230e-05
-8.073433366402124424e-06
-8.275269200562167582e-06
-1.313951280381944113e-04
-1.247345455109126618e-04
-1.741843248801256208e-04
-1.622760106646825324e-04
-1.003124095775463149e-04
-1.542025772982804537e-04
-1.303859488673942226e-04
-1.651017123429233263e-04
-1.350281730530754592e-04
-2.674324802620701405e-04
-2.426066726603836666e-04
-2.066798941798941955e-04
-1.172666196469907804e-04
-9.001878203538363947e-05
6.620215360449731355e-05
1.800375640707671434e-04
1.548080848007605561e-04
8.800042369378304526e-05
5.086263020833333559e-05
4.743142102761241895e-05
-1.027344395874669141e-04
-1.303859488673941684e-04
-7.447742280505948961e-05
3.390842013888890395e-05
7.568843781001985697e-05
2.966986762152779095e-05
5.893606357473545493e-05
2.099092675264550148e-05
-2.058725508432541516e-05
-9.829405123594578842e-05
-1.110097087880291037e-04
-8.880776703042328566e-05
-9.344999121610452224e-05
5.570669022817460178e-05
9.587202122602514855e-05
1.844779524222883639e-04
2.500745985243055616e-04
2.583498677248677647e-04
3.312126038566468142e-04
1.614686673280423326e-04
4.844060019841270928e-05
9.688120039682551003e-06
-2.765150927992722385e-05
-1.251382171792325347e-05
-4.642224185681212862e-05
1.348263372189153618e-04
3.485704855944113932e-04
5.076171229125331537e-04
4.827913153108465984e-04
3.713779348544973542e-04
3.604787998098544816e-04
2.175790292245370139e-04
1.029362754216269301e-04
-3.511943514384924421e-05
-1.295786055307539958e-04
-1.614686673280417473e-06
-2.442213593336641474e-05
-2.906436011904766148e-05
-5.045895854001332212e-06
-4.460571934937174020e-05
-9.486284205522497681e-06
-5.611036189649474230e-05
-7.649578114666008382e-05
-1.856889674272490905e-05
-5.348649605241407283e-05
2.623865844080684043e-05
-9.486284205522570526e-06
-9.567018539186511895e-05
2.119276258680557852e-05
8.275269200562174697e-05
9.990873790922624210e-05
3.713779348544981809e-05
1.332116505456349895e-04
1.828632657490079645e-04
7.811046781994042908e-05
-9.466100622106483539e-05
-1.174684554811508236e-04
-9.022061786954366908e-05
-9.344999121610449513e-05
9.264264787946432250e-05
9.728487206514557263e-05
1.519823831225198976e-04
2.022395058283730834e-04
1.990101324818121761e-04
9.526651372354499197e-05
-2.825701678240748631e-06
3.471576347552908336e-05
-1.977991174768524253e-05
-1.009179170800264986e-04
-1.285694263599537529e-04
-1.069729921048280779e-04
-9.264264787946432250e-05
-1.186794704861111638e-04
-3.814697265625000000e-05
9.244081204530425224e-05
6.095442191633599493e-05
1.471383231026785908e-04
1.842761165881283208e-04
1.648998765087632561e-04
2.734875552868717605e-04
1.537989056299602589e-04
2.692490027695105832e-04
1.834687732514880939e-04
5.530301855985442737e-05
1.471383231026785095e-04
4.339470434441119665e-05
4.985345103753301138e-05
1.433034422536367916e-05
7.689945281498002105e-05
1.168629479786705179e-04
1.358355163897155234e-04
1.029362754216269979e-04
1.661108915137235150e-04
5.086263020833318651e-05
-2.926619595320781306e-05
7.528476614169967579e-05
-6.014707857969582230e-05
-3.027537512400799158e-05
1.106060371197090309e-04
1.293767696965939255e-04
6.337645192625664158e-05
9.486284205522528174e-06
4.198185350529103007e-05
-3.733962931960979349e-05
7.548660197585978671e-05
1.188813063202711799e-04
1.566246073082010529e-04
2.024413416625330724e-04
6.640398943865743803e-05
1.753953398850860424e-04
6.721133277529766487e-05
4.561489852017203053e-05
7.104621362433870171e-05
8.113800533234132039e-05
1.467346514343585316e-04
1.533952339616407622e-05
1.251382171792332632e-05
1.614686673280428273e-05
1.412850839120446737e-06
4.642224185681281472e-06
-7.589027364417984592e-05
-1.180739629836309259e-04
-2.785334511408729411e-05
-7.447742280505957092e-05
-4.642224185681223704e-05
-6.095442191633603559e-05
9.365182705026447053e-05
1.572301148106811282e-04
2.359460901331018087e-04
4.712866727637235963e-04
6.170121450272818579e-04
7.544623480902779705e-04
7.494164522362766747e-04
8.093616949818123116e-04
6.965354636863426568e-04
4.829931511450066416e-04
3.088088262648809937e-04
2.565333452174271595e-04
2.042578641699735150e-04
2.623865844080684043e-05
4.823876436425266612e-05
-1.877073257688498947e-05
-5.631219773065482612e-05
-9.627569289434518066e-05
-1.814504149098874997e-04
-1.428997705853173592e-04
-1.554135923032405229e-04
-2.099092675264521010e-05
-9.223897621114401934e-05
-1.287712621941136876e-04
2.260561342592598905e-05
1.247345455109126618e-04
3.653228598296951243e-05
2.099092675264535579e-05
2.224230892443783208e-04
3.221299913194444926e-04
2.924601236979167932e-04
2.801481378141537810e-04
4.246625950727516211e-04
3.972129216269846132e-04
4.125524450231484353e-04
2.631939277447092884e-04
2.539094793733466526e-04
1.433034422536373642e-04
2.361479259672602526e-05
8.073433366402101724e-05
-8.557839368386263579e-05
-1.796338924024496253e-05
-1.180739629836312783e-04
-1.069729921048297347e-05
-5.348649605241428967e-05
-1.834687732514885818e-04
-7.084437779017894316e-05
-4.299103267609161177e-05
3.814697265624970862e-05
-9.042245370370395618e-05
7.326640780009902737e-05
1.431016064194773482e-04
9.344999121610435961e-05
4.521122685185169349e-05
3.249556929976835790e-05
7.104621362433837645e-05
2.260561342592570105e-05
3.592677848048934230e-05
-1.263492321841933053e-04
-9.970690207506630737e-05
-1.061656487681879730e-04
-1.053583054315476649e-04
-1.739824890459656589e-04
-2.775242719700729489e-04
-1.160556046420306299e-04
-8.376187117642198987e-05
-1.275602471891533474e-04
-5.873422774057534401e-05
2.018358341600070267e-07
1.396703972387566687e-04
2.206065667369379866e-04
1.552117564690806695e-04
2.642031069155090163e-04
2.892307503513556689e-04
3.176896029679233263e-04
2.099092675264549945e-04
1.231198588376323166e-04
1.624778464988426568e-04
1.370465313946762703e-04
5.187180937913394441e-05
-5.812872023809503158e-05
1.917440424520529263e-05
3.572494264632962441e-05
3.895431599289060631e-05
5.247731688161627786e-06
2.401846426504632842e-05
7.245906446345900382e-05
1.229180230034723276e-04
1.045509620949073432e-04
6.862418361441684211e-06
3.511943514384902737e-05
-4.278919684193131789e-05
-1.231198588376331873e-05
-8.154167700066162355e-05
-1.703494440310846653e-04
-1.420924272486773221e-04
-5.530301855985435283e-05
1.150464254712303057e-04
9.284448371362462316e-05
7.972515449322127579e-05
1.315969638723546442e-04
2.296891792741403082e-04
1.279639188574736505e-04
7.891781115658066947e-05
3.310107680224867033e-05
1.404777405753966787e-04
1.741843248801256750e-04
1.225143513351522955e-04
8.033066199570101224e-05
2.119276258680565306e-05
2.179827008928567411e-05
7.144988529265896421e-05
4.117451016865097263e-05
4.601857018849200842e-05
6.135809358465600671e-05
1.792302207341269979e-04
2.510837776951059942e-04
3.047721095816799747e-05
-2.260561342592598905e-05
3.431209180720986525e-06
-2.765150927992703411e-05
-9.385366288442436461e-05
-6.963336278521803369e-05
9.082612537202397474e-05
1.217070079985119874e-04
3.511943514384931875e-05
2.139459842096565895e-05
7.689945281498002105e-05
-4.561489852017228125e-05
-7.346824363425961263e-05
-1.998174758184531957e-05
1.118170521246690459e-04
1.699457723627643621e-04
1.879091616030090434e-04
2.938729745370369868e-04
3.067904679232803453e-04
3.011390645667987032e-04
2.185882083953370400e-04
2.020376699942127150e-04
2.020376699942127150e-04
2.317075376157403874e-04
1.628815181671623908e-04
2.034505208333330442e-04
1.691384290261240539e-04
2.302946867766197600e-04
3.279832305100854190e-04
3.400933805596884421e-04
6.723151635871354179e-04
9.494357638888881179e-04
1.221914140004959392e-03
1.218886602492558853e-03
1.106464042865409501e-03
1.052775710978835419e-03
6.858381644758593937e-04
3.463502914186507016e-04
2.472488968460646863e-04
2.197992234002973803e-04
1.330098147114747024e-04
9.728487206514535579e-05
3.128455429480802441e-05
3.996349516369006316e-05
-5.631219773065525980e-05
-2.058725508432534063e-05
7.831230365410064842e-05
1.043491262607473407e-04
2.438176876653439797e-04
2.230285967468586400e-04
1.959825949694119082e-04
1.154500971395506088e-04
-5.449567522321345683e-06
-1.225143513351520245e-04
-9.910139457258600171e-05
-8.113800533234132039e-05
-3.289924096808866105e-05
9.789037956762537684e-05
7.589027364417941224e-05
9.082612537202050529e-06
-6.256910858961663158e-05
-2.018358341600648420e-06
-1.426979347511573432e-04
-2.904417653563160363e-04
-2.282763284350194097e-04
1.776155340608524463e-05
-1.614686673280345264e-05
-1.671200706845234055e-04
1.614686673280634314e-06
4.924794353505327493e-05
6.317461609209665263e-05
-4.642224185681317894e-06
3.774330098792940546e-05
1.233216946717920345e-04
8.497288618138203198e-05
1.211015004960273347e-05
-1.061656487681879730e-04
-1.289730980282739747e-04
-5.631219773065467704e-05
-1.093950221147486636e-04
-1.441107855902779705e-04
-5.853239190641360001e-06
3.390842013888927664e-05
6.337645192625723789e-05
3.875248015873059704e-05
1.418905914145179024e-04
1.883128332713299158e-04
8.800042369378330276e-05
1.134317387979499604e-04
1.102023654513887007e-04
4.783509269593264756e-05
9.506467788938470487e-05
7.064254195601864250e-05
1.251382171792332632e-04
2.080927450190146603e-04
2.462397176752646332e-04
2.595608827298280237e-04
8.356003534226198737e-05
9.768854373346537434e-05
8.356003534226140461e-05
9.829405123594539540e-05
5.409200355489402612e-05
1.451199647610779966e-04
2.298910151083000261e-04
1.576337864790013229e-04
8.840409536210330776e-05
1.184776346519512968e-04
1.366428597263559671e-04
3.330291263640867283e-05
-3.229373346560690528e-06
5.429383938905461138e-05
4.016533099785064842e-05
-7.104621362433866105e-05
-8.234902033730136250e-05
-2.623865844080669474e-05
1.211015004960331284e-05
-3.209189763144863072e-05
-9.284448371362635788e-06
3.027537512400683368e-06
-4.521122685185197809e-05
-9.869772290426598316e-05
-1.616705031622026197e-04
-1.642943690062832892e-04
-1.620741748305226518e-04
-1.322024713748346653e-04
-1.211015004960319663e-04
-8.255085617146194776e-05
-3.390842013888927664e-05
-5.792688440393531368e-05
2.099092675264535579e-05
-3.633045014881282946e-06
4.056900266617066020e-05
-1.211015004960042107e-06
-4.722958519345205053e-05
5.530301855985464421e-05
1.614686673280634314e-06
-1.634870256696403790e-05
-1.015234245825066551e-04
-9.102796120618397724e-05
-1.782210415633266737e-04
-2.177808650586967318e-04
-9.647752872850474948e-05
-1.025326037533061120e-04
5.045895854001909889e-06
3.269740513392923453e-05
1.830651015831685768e-04
8.557839368386263579e-05
4.137634600281069053e-05
7.165172112681809935e-05
4.965161520337271073e-05
4.460571934937138106e-05
1.856889674272469221e-05
6.297278025793665013e-05
-8.073433366400281069e-07
-7.871597532241430745e-06
-9.122979704034341053e-05
-1.762026832217260253e-04
-1.344226655505953297e-04
-1.225143513351525937e-04
-1.796338924024473011e-04
-1.915422066178906063e-04
-1.788265490658072639e-04
-1.102023654513892699e-04
-8.921143869874334487e-05
-4.521122685185140211e-05
2.220194175760597727e-05
1.190831421544330526e-05
2.603682260664668885e-05
3.310107680224867033e-05
3.088088262648801263e-05
-1.388630539021166316e-04
-1.013215887483466526e-04
-9.910139457258600171e-05
-4.944977936921270823e-05
7.770679615162062737e-05
1.356336805555553718e-04
3.733962931960974063e-04
4.712866727637233795e-04
5.772504856977507537e-04
5.907734865864740790e-04
4.965161520337294790e-04
4.091212358424267258e-04
2.977078553860774274e-04
1.802393999049261566e-04
8.416554284474142566e-05
1.118170521246687478e-04
1.707531156994041011e-04
2.302946867766200582e-04
2.462397176752646332e-04
3.027537512400799158e-04
3.550292322875333163e-04
2.803499736483139326e-04
1.263492321841938745e-04
1.211015004960389052e-05
2.200010592344654736e-05
-2.684416594328671579e-05
2.179827008928596210e-05
6.499113859953729855e-05
7.952331865906069053e-05
7.003703445353805224e-05
1.315969638723540750e-04
1.317987997065146603e-04
7.064254195601864250e-05
-1.295786055307539958e-04
-9.789037956762537684e-05
-3.390842013888869388e-05
-1.604594881572420084e-04
-1.624778464988426568e-04
-2.141478200438160092e-04
-2.623865844080669474e-06
-4.036716683201296840e-06
-6.297278025793665013e-05
1.998174758184531957e-05
-9.344999121610464421e-05
-1.170647838128306695e-04
-1.108078729538687217e-04
-8.133984116650075369e-05
-3.431209180720119163e-06
-8.073433366401436634e-06
6.963336278521918565e-05
6.236727275545719828e-05
1.009179170800324210e-05
5.045895854001389980e-05
2.280744926008657430e-05
-1.211015004960273347e-05
1.372483672288394610e-05
8.113800533234132039e-05
-1.816522507440063161e-06
-7.225722862929870316e-05
-1.106060371197092884e-04
-6.963336278521861644e-05
4.521122685185140211e-05
1.293767696965934105e-04
2.571388527199067468e-04
2.821664961557533995e-04
4.577636718750000000e-04
5.536356931010252705e-04
4.256717742435513489e-04
3.982221007977846121e-04
4.028643249834659300e-04
4.729013594370039958e-04
3.285887380125654400e-04
1.303859488673934366e-04
1.396703972387560724e-04
-2.422030009921240838e-06
-1.081840071097892042e-04
-1.259455605158733003e-04
-1.862944749297286982e-04
-1.071748279389874299e-04
-1.390648897362754821e-04
5.207364521329452966e-05
1.017252604166678231e-04
7.528476614170054315e-05
2.076890733506952245e-04
2.129368050388565634e-04
2.097074316922952766e-04
1.550099206349212497e-04
1.366428597263565634e-04
5.449567522321461388e-05
3.834880849041867781e-06
-3.713779348544938441e-05
2.603682260664726483e-05
-8.295452783978196631e-05
-1.812485790757279445e-04
-1.091931862805886611e-04
-6.095442191633599493e-05
-8.739491619130328171e-05
-1.124225596271499343e-04
-6.600031777033790736e-05
1.275602471891521819e-04
1.433034422536361987e-04
1.830651015831662729e-04
2.569370168857461616e-04
2.076890733506940590e-04
1.507713681175593676e-04
4.844060019841324630e-06
6.660582527281966314e-06
-1.501658606150787503e-04
-1.673219065186833945e-04
-1.774136982266860674e-04
-1.326061430431541011e-04
-1.307896205357134687e-04
-6.478930276537671329e-05
-3.390842013888927664e-05
-3.269740513392923453e-05
5.611036189649351580e-05
1.001105737433854586e-04
4.803692853009208086e-05
-3.532127097800874527e-05
-1.095968579489075141e-04
-9.062428953786223751e-05
-1.988082966476502898e-04
-2.185882083953356034e-04
-8.255085617145964383e-05
-1.925513857886894940e-04
-1.303859488673934366e-04
-9.425733455274351580e-05
-6.317461609209550067e-05
4.561489852017314861e-05
5.166997354497451789e-05
1.441107855902797052e-04
2.448268668361457405e-04
2.264598059275799158e-04
1.719641307043653087e-04
4.117451016865068125e-05
1.352300088872336084e-05
1.594503089864344675e-05
-3.088088262648858861e-05
7.467925863921994103e-06
1.289730980282739747e-04
1.027344395874672800e-04
9.768854373346537434e-05
1.368446955605159832e-04
1.491566814442792934e-04
8.800042369378272000e-05
5.711954106729413139e-05
6.680766110697677895e-05
9.486284205522411961e-05
1.317987997065140640e-04
1.642943690062827200e-04
1.164592763103512312e-04
1.570282789765224674e-04
1.651017123429238955e-04
8.678940868882382986e-05
1.001105737433866105e-04
8.275269200562138106e-05
1.463309797660380387e-04
1.112115446221887267e-04
1.170647838128306695e-04
2.373589409722225987e-04
1.556154281374018400e-04
1.170647838128318214e-04
1.037436187582678888e-04
1.957807591352519192e-04
2.401846426504638534e-04
2.125331333705365313e-04
5.732137690145586861e-05
3.592677848049050104e-05
-7.508293030753880593e-05
-1.713586232018835529e-04
-2.436158518311833945e-04
-2.698545102719901163e-04
-9.042245370370395618e-05
-1.190831421544319007e-04
-4.601857018849200842e-05
-1.624778464988432260e-04
-1.449181289269185768e-04
-1.913403707837317558e-04
-2.260561342592599108e-04
-1.871018182663687082e-04
-7.387191530257991579e-05
5.833055607225532546e-05
1.392667255704372329e-04
1.540007414641217929e-04
7.144988529265983157e-05
8.295452783978196631e-05
3.511943514384931875e-05
-2.220194175760655579e-06
-6.458746693121728000e-05
-7.891781115658182144e-05
-2.159643425512711157e-05
5.288098854993224929e-05
2.159643425512479747e-05
1.065693204365068396e-04
1.711567873677241061e-04
2.060743866774140118e-04
1.293767696965939797e-04
9.647752872850533224e-05
1.449181289269174113e-04
1.852852957589280758e-04
2.119276258680478570e-05
5.328466021825341981e-05
1.614686673280414653e-04
9.143163287450341303e-05
8.012882616154071158e-05
-1.009179170800266781e-05
1.366428597263558045e-04
4.420204768105154546e-05
-5.530301855985454257e-05
-1.977991174768521543e-05
-4.016533099785054000e-05
-4.884427186673280914e-05
-1.984046249793319924e-04
-1.089913504464285637e-04
1.097986937830687905e-04
3.132492146164021058e-04
4.256717742435515658e-04
4.436351634837962742e-04
5.201309446304563716e-04
4.258736100777116089e-04
3.178914388020833153e-04
1.967899383060515387e-04
3.269740513392850947e-05
-5.449567522321490526e-06
3.168822596312825980e-05
8.335819950810183579e-05
-4.278919684193124336e-05
-7.467925863921958697e-05
-3.411025597304892000e-05
-4.622040602265208546e-05
-1.525878906250000000e-04
-1.830651015831680076e-04
-8.578022951802250276e-05
2.825701678240748631e-06
2.381662843088624799e-05
4.803692853009258230e-05
8.497288618138224882e-05
1.358355163897155776e-04
1.812485790757275108e-04
1.598539806547618518e-04
1.501658606150793466e-04
1.858908032614087474e-04
9.526651372354499197e-05
2.866068845072750063e-05
4.036716683200863159e-07
-1.626796823330026729e-04
-2.430103443287037529e-04
-1.558172639715609074e-04
-7.891781115658073724e-05
-1.449181289269180076e-04
-2.155606708829365011e-04
-9.748670789930554803e-05
-1.211015004960316715e-05
-1.059638129340277537e-04
-8.517472201554233263e-05
-1.735788173776457895e-05
-7.266090029761950945e-06
1.009179170800215790e-06
-2.704600177744712148e-05
-9.082612537202448634e-06
-9.607385706018524592e-05
-9.062428953786378250e-05
-2.664233010912703516e-05
-4.844060019841274316e-05
1.715604590360442737e-05
-3.168822596312836822e-05
-8.073433366402449473e-07
5.348649605241396441e-05
-2.018358341600532885e-05
5.853239190641504844e-06
-6.115625775049604487e-05
-3.310107680224867033e-05
-4.460571934937167243e-05
-4.460571934937167243e-05
-4.319286851025129579e-05
-7.568843781001982987e-05
6.055075024801655787e-07
4.500939101769179263e-05
9.910139457258596105e-05
2.200010592344575115e-05
9.022061786954366908e-05
6.922969111689816421e-05
1.917440424520503852e-05
-8.557839368386241895e-05
-3.067904679232804401e-05
5.570669022817462211e-05
6.862418361441792632e-06
4.581673435433199914e-05
9.688120039682505263e-06
8.557839368386241895e-05
1.200923213252314930e-04
-4.097267433449071263e-05
-1.594503089864413115e-05
7.228014483236695825e-20
1.031381112557871901e-04
1.328079788773149303e-04
-4.036716683200140534e-07
1.877073257688492442e-04
2.573406885540674405e-04
3.053776170841599889e-04
1.687347573578041032e-04
8.719308035714276421e-05
9.244081204530417092e-05
-2.422030009920640885e-05
-7.891781115658073724e-05
-1.842761165881283208e-04
-9.304631954778440882e-05
-2.845885261656749474e-05
-1.213033363301919011e-04
-7.326640780009931197e-05
-7.831230365410064842e-05
-4.056900266617073474e-05
-1.166611121445106509e-04
-1.255418888475529971e-04
-1.493585172784391706e-05
7.689945281498023789e-05
3.189006179728847914e-05
-3.633045014880849265e-06
2.482580760168664674e-05
-2.220194175760438739e-06
-2.200010592344564273e-05
-9.526651372354485645e-05
-1.386612180679562632e-04
-2.173771933903768895e-04
-1.655053840112433313e-04
-2.428085084945436013e-04
-1.509732039517195463e-04
-1.673219065186838824e-04
-1.311932922040343953e-04
-3.572494264632937368e-05
4.036716683201058316e-05
7.629394531249998645e-05
2.179827008928570799e-05
-5.247731688161376895e-05
7.124804945849869066e-05
6.640398943865741092e-05
-1.372483672288358526e-05
-2.845885261656745747e-05
-8.436737867890211934e-05
-5.066079437417327888e-05
-6.095442191633599493e-05
-7.044070612185849092e-05
-1.408814122437169547e-04
-2.644049427496695474e-05
-2.280744926008601526e-05
6.277094442377643079e-05
2.744967344576720780e-05
1.414869197461971113e-04
2.619829127397487042e-04
1.537989056299603674e-04
1.578356223131614203e-04
9.223897621114420908e-05
5.570669022817458822e-05
2.825701678240712632e-06
-1.824595940806878782e-04
-1.217070079985119467e-04
-5.853239190641576842e-06
9.506467788938488105e-05
8.618390118634254842e-05
1.418905914145171705e-04
2.476525685143848811e-04
1.588448014839615818e-04
-3.794513682208999072e-05
-1.786247132316468413e-04
-1.588448014839616361e-04
-1.661108915137235421e-04
-9.385366288442455434e-05
-4.763325686177242822e-05
5.853239190641576842e-06
5.389016772073415914e-05
3.976165932953045368e-05
1.877073257688495220e-05
-9.102796120618386882e-05
-1.856889674272487516e-05
7.407375113673941684e-05
1.689365931919642547e-04
1.921477141203703834e-04
1.332116505456349082e-04
1.461291439318783208e-04
1.063674846023479078e-04
7.750496031746032671e-05
3.229373346560849770e-05
-6.115625775049604487e-05
-3.834880849041007704e-05
1.009179170800252001e-06
-4.440388351521166316e-06
2.422030009920633431e-05
1.049546337632275074e-05
5.389016772073412526e-05
3.189006179728833684e-05
3.673412181712958947e-05
1.663127273478835039e-04
2.329185526207009987e-04
3.328272905299272679e-04
3.261667080026454100e-04
3.302034246858465984e-04
3.564420831266535100e-04
2.337258959573413339e-04
1.919458782862103403e-04
1.100005296172288337e-04
2.032486849991733263e-04
2.781297794725528616e-04
2.954876612103173321e-04
3.818733982308200321e-04
4.272864609168320195e-04
3.998367874710646863e-04
3.449374405795303453e-04
3.047721095816798595e-04
2.817628244874336926e-04
1.457254722635580176e-04
8.456921451306202697e-05
4.521122685185183579e-05
-7.750496031746032671e-05
-1.642943690062830182e-04
-1.705512798652445187e-04
-1.267529038525130392e-04
-1.739824890459655234e-04
-1.699457723627644976e-04
-1.392667255704366400e-05
-6.862418361441799408e-05
3.431209180720842106e-06
-2.987170345568783411e-05
4.339470434441148125e-05
9.324815538194449263e-05
1.293767696965939797e-04
1.729733098751653347e-04
2.222212534102183318e-04
1.885146691054893355e-04
8.840409536210302316e-05
6.034891441385568928e-05
1.467346514343583418e-04
1.931568932911706534e-04
-1.675237423528434105e-05
-3.168822596312818526e-05
-1.063674846023478400e-04
-9.264264787946418697e-05
-2.422030009920633634e-04
-2.200010592344576674e-04
-1.816522507440476513e-04
8.436737867890216000e-05
1.558172639715608261e-04
1.227161871693121761e-04
1.392667255704363655e-04
1.215051721643516867e-04
1.206978288277115141e-04
-9.567018539186529513e-05
-1.118170521246694796e-04
-3.733962931960996967e-05
-5.328466021825399579e-05
-7.467925863921950566e-05
-3.168822596312832757e-05
-8.174351283482134145e-05
4.440388351521311158e-06
-3.330291263640867283e-05
-7.185355696097883368e-05
5.126630187665334737e-05
5.247731688161338948e-06
6.378012359457667368e-05
8.335819950810183579e-05
1.142390821345899975e-04
1.140372463004298459e-04
-3.310107680224867033e-05
2.422030009920662315e-06
-6.458746693121669893e-06
-1.239272021742724892e-04
-2.054688791749338282e-04
-1.677255781870038603e-04
6.660582527281821471e-06
-4.278919684193117559e-05
6.135809358465600671e-05
1.251382171792326939e-04
1.836706090856478661e-04
1.877073257688488918e-04
7.124804945849837895e-05
6.378012359457638908e-05
1.493585172784370022e-05
8.456921451306187790e-05
6.680766110697736171e-05
8.880776703042332632e-05
1.412850839120370139e-04
2.177808650586970029e-04
1.820559224123676834e-04
1.747898323826059671e-04
1.812485790757276463e-04
1.069729921048280101e-04
-6.458746693121669893e-06
3.633045014880993684e-06
-2.159643425512566484e-05
-1.079821712756283343e-04
-1.037436187582673196e-04
8.275269200562021893e-06
4.016533099785035704e-05
-7.871597532242008421e-06
4.722958519345234191e-05
2.825701678240734316e-05
-7.811046781994034776e-05
-3.633045014880704422e-06
3.834880849041029388e-05
5.833055607225532546e-05
1.104042012855489878e-04
1.386612180679563445e-04
2.133404767071757011e-04
9.022061786954337092e-05
6.014707857969538862e-05
4.561489852017170527e-05
-2.280744926008628631e-05
-4.440388351521311158e-06
9.889955873842656842e-06
-2.038541925016533474e-05
2.078909091848563789e-05
-1.594503089864402273e-05
-7.710128864914002355e-05
-1.160556046420303453e-04
-5.328466021825399579e-05
-8.900960286458332882e-05
2.058725508432534063e-05
1.957807591352501642e-05
8.335819950810168671e-05
1.120188879588293330e-04
3.491759930968901809e-05
4.359654017857134822e-05
-1.903311916129299950e-04
-1.255418888475529971e-04
-1.461291439318783208e-04
-1.102023654513889853e-04
-1.523860547908399839e-04
-1.313951280381946282e-04
-1.001105737433863259e-04
-1.305877847015543200e-04
-1.229180230034723276e-04
-1.317987997065146603e-04
-6.902785528273801263e-05
-6.216543692129604382e-05
8.517472201554261723e-05
1.033399470899473011e-04
9.183530454282429895e-05
1.959825949694116371e-04
1.085876787781086400e-04
2.805518094824733727e-05
-3.592677848048963368e-05
-8.335819950810198487e-05
-2.583498677248697095e-05
-2.149551633804566155e-04
-2.381662843088661052e-05
4.581673435433171454e-05
5.651403356481468632e-05
1.144409179687500000e-04
1.562209356398809937e-04
2.448268668361443311e-04
1.322024713748349634e-04
6.882601944857829473e-05
1.412850839120396126e-05
-2.966986762152768253e-05
-8.900960286458304421e-05
-7.649578114666000250e-05
1.211015004960302316e-05
9.445917038690468382e-05
3.411025597304870316e-05
7.003703445353805224e-05
6.600031777033675540e-05
1.150464254712271242e-05
-8.073433366402131539e-05
-1.322024713748346653e-04
-1.289730980282736766e-04
-2.171753575562167108e-04
-2.500745985243052363e-04
-3.170840954654428716e-04
-3.273777230076056689e-04
-2.609737335689483258e-04
-7.023887028769833934e-05
-3.834880849041000419e-06
-4.500939101769182651e-05
5.489934689153434105e-05
1.477438306051586661e-04
1.372483672288359882e-04
3.834880849041000928e-05
-1.251382171792332632e-05
1.275602471891533474e-04
7.689945281498017013e-05
3.834880849041000419e-06
-3.673412181712966401e-05
-3.310107680224867033e-05
7.528476614169996039e-05
7.831230365410093302e-05
2.183863725611776203e-04
2.460378818411049153e-04
3.542218889508932521e-04
3.382768580522489753e-04
3.370658430472886079e-04
1.366428597263559671e-04
-1.110097087880269895e-05
1.513768756200428547e-05
2.805518094824762526e-05
-6.842234778025770698e-05
-7.144988529265867961e-05
-1.130280671296299452e-05
8.275269200562021893e-06
-6.882601944857829473e-05
-1.311932922040346392e-04
1.836706090856468632e-05
-4.258736100777130862e-05
7.528476614169967579e-05
1.186794704861110147e-04
1.069729921048268548e-05
5.449567522321345683e-06
6.014707857969568000e-05
4.359654017857134822e-05
-2.018358341600648420e-06
-5.267915271577397474e-05
4.601857018849200842e-05
5.025712270585302316e-05
-1.408814122437169818e-04
-2.349369109623016471e-04
-3.318181113591269979e-04
-2.975060195519179805e-04
-2.581480318907076674e-04
-3.673412181712963284e-04
-3.108271846064816421e-04
-1.772118623925264850e-04
-2.744967344576717053e-05
-1.124225596271493516e-04
-8.255085617146166316e-05
-7.871597532242066697e-05
-1.263492321841931697e-04
-3.168822596312847664e-05
2.644049427496684632e-05
1.154500971395500396e-04
1.158537688078700446e-04
1.669182348503633895e-04
1.768081907242060463e-04
1.826614299148477045e-04
4.137634600281039915e-05
-2.078909091848592588e-05
-4.521122685185226947e-05
-9.102796120618412631e-05
8.921143869874319579e-05
3.370658430472869138e-05
-2.018358341600648420e-06
1.227161871693123116e-04
1.651017123429236245e-04
2.054688791749341263e-04
2.906436011904766148e-05
-9.567018539186501053e-05
-2.785334511408704000e-05
-5.288098854993369263e-05
-1.893220124421295082e-04
-1.392667255704363655e-04
-1.023307679191465432e-04
6.600031777033762276e-05
2.220194175760597727e-05
-1.596521448206017003e-04
-7.185355696097868461e-05
-9.001878203538351750e-05
-5.873422774057534401e-05
-5.530301855985464421e-05
-9.829405123594582908e-05
1.057619770998676699e-04
8.880776703042188636e-06
-3.350474847056882441e-05
3.511943514384916967e-05
-8.497288618138218105e-05
2.321112092840615579e-05
-1.483493381076388497e-04
-9.405549871858451619e-05
-7.548660197585967829e-05
-5.550485439401436211e-05
-5.510118272569435033e-05
-1.192849779885911849e-04
1.796338924024481684e-05
3.733962931960982737e-05
8.133984116650133645e-05
-1.755971757192465937e-05
-3.491759930968916717e-05
8.961511036706349895e-05
-1.957807591352516211e-05
3.733962931960982737e-05
-2.099092675264550148e-05
-5.530301855985450191e-05
-3.572494264632933980e-05
-1.007160812458663470e-04
-1.277620830233133634e-04
-2.258542984250991629e-04
-1.360373522238755124e-04
-5.974340691137551915e-05
-9.163346870866399829e-05
-2.040560283358134989e-04
-1.023307679191468278e-04
-1.130280671296295217e-04
-2.236341042493385255e-04
-2.054688791749336926e-04
-1.055601412657073828e-04
-3.370658430472854230e-05
-8.477105034722029475e-06
-4.844060019841180634e-06
4.460571934937167243e-05
4.561489852017184757e-05
-1.081840071097884859e-04
-7.649578114666015158e-05
-1.219088438326719899e-04
-5.449567522321432928e-05
1.130280671296299452e-05
-2.018358341600070267e-07
6.660582527281821471e-06
1.552117564690806695e-04
8.800042369378300461e-05
6.842234778025799158e-05
-1.009179170800266442e-05
-1.204959929935515116e-04
-6.398195942873682526e-05
-1.122207237929894846e-04
1.170647838128300969e-05
8.961511036706334987e-05
1.138354104662698299e-04
2.391754634796626618e-04
3.003317212301588016e-04
1.612668314938824792e-04
1.679274140211642829e-04
1.142390821345902821e-04
1.725696382068454653e-04
2.032486849991734618e-04
2.147533275462964639e-04
2.664233010912698163e-04
2.060743866774140118e-04
1.394685614045965171e-04
1.128262312954695057e-04
2.946803178736775457e-05
4.743142102761246638e-05
3.612861431464950743e-05
1.574319506448417947e-05
2.401846426504634536e-05
1.289730980282738392e-04
1.192849779885912933e-04
1.166611121445105832e-04
2.212120742394180076e-04
2.381662843088624189e-04
1.255418888475528616e-04
3.229373346560798948e-06
2.038541925016528053e-05
1.291749338624333979e-05
-5.631219773065482612e-05
-4.016533099785057388e-05
1.102023654513888362e-04
3.180932746362432500e-04
6.537462668444113389e-04
7.369026305183531316e-04
9.799129748470569116e-04
1.549493698846726242e-03
1.713384396184689309e-03
1.771109444754464688e-03
1.490153963603670952e-03
1.317786161230985855e-03
1.035417829241071707e-03
4.402039543030756489e-04
1.895238482762899579e-04
4.884427186673297178e-05
1.554135923032429895e-05
1.858908032614086661e-04
2.589553752273480026e-04
2.952858253761573432e-04
2.783316153067126879e-04
3.148639012896820716e-04
3.096161696015210037e-04
1.719641307043650105e-04
1.168629479786706670e-04
3.370658430472897599e-05
1.735788173776465010e-05
-1.443126214244373903e-04
-1.757990115534060203e-04
-1.301841130332340168e-04
-6.620215360449734066e-05
9.244081204530403540e-05
1.433034422536367916e-05
4.500939101769168421e-05
5.288098854993398401e-05
1.067711562706679941e-04
-3.834880849041000928e-05
-6.579848193617703750e-05
7.266090029761987368e-06
1.606613239914022955e-04
1.776155340608466526e-04
2.706618536086309937e-04
2.573406885540673321e-04
2.742948986235117163e-04
3.647173523272153879e-04
2.954876612103167900e-04
3.035610945767187874e-04
2.375607768063814492e-04
3.295979171833654932e-04
2.121294617022147916e-04
1.245327096767520766e-04
5.691770523313469809e-05
-3.047721095816799747e-05
-1.324043072089946813e-04
-9.587202122602472842e-05
-1.388630539021160624e-04
-9.688120039682533724e-05
-9.304631954778462566e-05
-4.844060019841903153e-06
2.866068845072677895e-05
5.449567522320768007e-06
8.699124452298211119e-05
5.066079437417275033e-05
1.003124095775460438e-04
-2.966986762152797052e-05
-2.422030009920662315e-06
-3.612861431464992756e-05
3.996349516369006316e-05
1.309914563698740539e-04
1.025326037533066947e-04
2.218175817418980287e-04
2.008266549892526729e-04
1.828632657490079916e-04
3.310107680224867033e-05
-9.183530454282401434e-05
-7.346824363425932803e-05
-6.075258608217599243e-05
-1.309914563698746232e-04
1.594503089864402273e-05
3.269740513392865178e-05
4.359654017857134822e-05
2.220194175760597727e-05
3.431209180720928842e-05
6.862418361441857684e-05
-5.933973524305478231e-05
5.853239190641938525e-06
-9.486284205522064000e-06
-5.671586939897469559e-05
-3.713779348544938441e-05
-3.108271846064802191e-05
2.018358341600070267e-07
-4.722958519345205053e-05
1.735788173776465010e-05
7.629394531250000000e-05
-4.803692853009265684e-05
-5.913789940889535579e-05
-7.508293030753937513e-05
-5.833055607225532546e-05
-7.891781115658066947e-05
-8.255085617146137855e-05
-1.217070079985119874e-04
-5.954157107721595033e-05
-1.364410238921965474e-04
-7.003703445353862145e-05
1.513768756200399579e-05
2.119276258680536168e-05
1.937624007936506745e-04
1.973954458085319663e-04
2.438176876653445760e-04
1.846797882564486239e-04
7.144988529265867961e-05
-1.392667255704395368e-05
-1.267529038525133103e-04
-1.465328156001986239e-04
-1.679274140211645810e-04
-2.302946867766206274e-04
-2.157625067170966526e-04
-5.933973524305536507e-05
6.378012359457667368e-05
7.669761698082000839e-06
1.164592763103506484e-04
1.431016064194773482e-04
1.689365931919640379e-04
9.809221540178537934e-05
-2.078909091848534990e-05
-3.713779348544996717e-05
-1.069729921048326315e-05
8.315636367394139961e-05
9.748670789930535829e-05
1.388630539021160624e-04
5.893606357473477053e-05
1.069729921048274274e-04
-8.517472201554261723e-05
-2.000193116526126358e-04
-2.587535393931879595e-04
-2.436158518311839908e-04
-9.284448371362462316e-05
-1.836706090856468632e-05
1.289730980282739747e-04
1.804412357390873382e-04
2.272671492642193566e-04
2.319093734499006745e-04
2.097074316922952766e-04
1.275602471891533474e-04
1.533952339616400371e-04
1.877073257688493255e-04
1.824595940806879866e-04
8.880776703042622317e-06
9.526651372354529013e-05
1.045509620949079259e-04
7.205539279513926987e-05
9.526651372354529013e-05
9.667936456266591750e-05
1.739824890459659571e-04
9.284448371362462316e-05
1.760008473875666055e-04
1.612668314938826147e-04
1.729733098751653347e-04
1.400740689070766737e-04
1.465328156001986239e-04
9.930323040674600421e-05
2.220194175760539790e-05
6.781684027777738777e-05
5.005528687169272928e-05
7.003703445353746948e-05
1.939642366278101213e-04
2.587535393931874174e-04
2.270653134300593676e-04
2.555241660466272689e-04
2.464415535094252184e-04
2.030468491650139066e-04
8.477105034722261223e-05
9.930323040674600421e-05
1.850834599247686561e-04
3.612861431464935158e-05
7.326640780009874277e-05
2.089000883556546703e-04
2.359460901331019713e-04
2.424048368262239487e-04
1.614686673280426308e-04
1.959825949694119082e-04
1.398722330729172539e-04
5.833055607225590822e-05
8.779858785962328671e-05
1.041472904265873246e-04
8.618390118634265684e-05
1.104042012855487032e-04
1.200923213252313575e-04
1.768081907242060463e-04
1.469364872685186561e-04
1.382575463996366105e-04
1.852852957589286450e-04
8.900960286458332882e-05
8.356003534226198737e-05
5.893606357473534651e-05
8.456921451306202697e-05
-2.260561342592598905e-05
1.735788173776465010e-05
1.618723389963626358e-04
3.592677848048992506e-05
-3.431209180720119163e-06
-7.790863198578006066e-05
4.864243603257267790e-05
4.157818183697069980e-05
3.774330098792940546e-05
9.062428953786280672e-05
1.100005296172275326e-04
8.315636367394081685e-05
1.653035481770827461e-04
1.459273080977174645e-04
1.112115446221887267e-04
2.294873434399800211e-04
2.173771933903772961e-04
3.017445720692793205e-04
1.540007414641206274e-04
1.986064608134925776e-04
1.350281730530759200e-04
1.055601412657079520e-04
5.893606357473534651e-05
2.866068845072735832e-05
9.930323040674542145e-05
-3.733962931961055243e-05
3.088088262648743665e-05
6.378012359457609093e-05
1.800375640707667368e-04
2.355424184647813971e-04
3.221299913194446553e-04
3.635063373222558879e-04
4.262772817460319663e-04
3.976165932953040489e-04
5.925900090939147926e-04
