1.146329400000000000e+15
1.146329496969697000e+15
1.146329593939394000e+15
1.146329690909091000e+15
1.146329787878788000e+15
1.146329884848485000e+15
1.146329981818182000e+15
1.146330078787879000e+15
1.146330175757576000e+15
1.146330272727272000e+15
1.146330369696970000e+15
1.146330466666666000e+15
1.146330563636364000e+15
1.146330660606060000e+15
1.146330757575758000e+15
1.146330854545454000e+15
1.146330951515152000e+15
1.146331048484848000e+15
1.146331145454544000e+15
1.146331242424244000e+15
1.146331339393940000e+15
1.146331436363636000e+15
1.146331533333332000e+15
1.146331630303032000e+15
1.146331727272728000e+15
1.146331824242424000e+15
1.146331921212120000e+15
1.146332018181820000e+15
1.146332115151516000e+15
1.146332212121212000e+15
1.146332309090908000e+15
1.146332406060604000e+15
1.146332503030304000e+15
1.146332600000000000e+15
1.146332696969696000e+15
1.146332793939392000e+15
1.146332890909088000e+15
1.146332987878784000e+15
1.146333084848488000e+15
1.146333181818184000e+15
1.146333278787880000e+15
1.146333375757576000e+15
1.146333472727272000e+15
1.146333569696968000e+15
1.146333666666664000e+15
1.146333763636360000e+15
1.146333860606064000e+15
1.146333957575760000e+15
1.146334054545456000e+15
1.146334151515152000e+15
1.146334248484848000e+15
1.146334345454544000e+15
1.146334442424240000e+15
1.146334539393936000e+15
1.146334636363640000e+15
1.146334733333336000e+15
1.146334830303032000e+15
1.146334927272728000e+15
1.146335024242424000e+15
1.146335121212120000e+15
1.146335218181816000e+15
1.146335315151512000e+15
1.146335412121216000e+15
1.146335509090912000e+15
1.146335606060608000e+15
1.146335703030304000e+15
1.146335800000000000e+15
1.146335896969696000e+15
1.146335993939392000e+15
1.146336090909088000e+15
1.146336187878784000e+15
1.146336284848480000e+15
1.146336381818176000e+15
1.146336478787872000e+15
1.146336575757568000e+15
1.146336672727280000e+15
1.146336769696976000e+15
1.146336866666672000e+15
1.146336963636368000e+15
1.146337060606064000e+15
1.146337157575760000e+15
1.146337254545456000e+15
1.146337351515152000e+15
1.146337448484848000e+15
1.146337545454544000e+15
1.146337642424240000e+15
1.146337739393936000e+15
1.146337836363632000e+15
1.146337933333328000e+15
1.146338030303024000e+15
1.146338127272720000e+15
1.146338224242432000e+15
1.146338321212128000e+15
1.146338418181824000e+15
1.146338515151520000e+15
1.146338612121216000e+15
1.146338709090912000e+15
1.146338806060608000e+15
1.146338903030304000e+15
1.146339000000000000e+15
1.146344700000000000e+15
1.146344746153846000e+15
1.146344792307692000e+15
1.146344838461538000e+15
1.146344884615384000e+15
1.146344930769231000e+15
1.146344976923077000e+15
1.146345023076924000e+15
1.146345069230770000e+15
1.146345115384616000e+15
1.146345161538462000e+15
1.146345207692308000e+15
1.146345253846154000e+15
1.146345300000000000e+15
1.146345346153846000e+15
1.146345392307692000e+15
1.146345438461540000e+15
1.146345484615384000e+15
1.146345530769232000e+15
1.146345576923076000e+15
1.146345623076924000e+15
1.146345669230768000e+15
1.146345715384616000e+15
1.146345761538460000e+15
1.146345807692308000e+15
1.146345853846152000e+15
1.146345900000000000e+15
1.146345946153848000e+15
1.146345992307692000e+15
1.146346038461540000e+15
1.146346084615384000e+15
1.146346130769232000e+15
1.146346176923080000e+15
1.146346223076920000e+15
1.146346269230768000e+15
1.146346315384616000e+15
1.146346361538464000e+15
1.146346407692304000e+15
1.146346453846152000e+15
1.146346500000000000e+15
1.146350430000000000e+15
1.146350476153846000e+15
1.146350522307692000e+15
1.146350568461538000e+15
1.146350614615384000e+15
1.146350660769231000e+15
1.146350706923077000e+15
1.146350753076924000e+15
1.146350799230770000e+15
1.146350845384616000e+15
1.146350891538462000e+15
1.146350937692308000e+15
1.146350983846154000e+15
1.146351030000000000e+15
1.146351076153846000e+15
1.146351122307692000e+15
1.146351168461540000e+15
1.146351214615384000e+15
1.146351260769232000e+15
1.146351306923076000e+15
1.146351353076924000e+15
1.146351399230768000e+15
1.146351445384616000e+15
1.146351491538460000e+15
1.146351537692308000e+15
1.146351583846152000e+15
1.146351630000000000e+15
1.146351676153848000e+15
1.146351722307692000e+15
1.146351768461540000e+15
1.146351814615384000e+15
1.146351860769232000e+15
1.146351906923080000e+15
1.146351953076920000e+15
1.146351999230768000e+15
1.146352045384616000e+15
1.146352091538464000e+15
1.146352137692304000e+15
1.146352183846152000e+15
1.146352230000000000e+15
1.146358800000000250e+15
1.146358848979591750e+15
1.146358897959184000e+15
1.146358946938776000e+15
1.146358995918368000e+15
1.146359044897960000e+15
1.146359093877551000e+15
1.146359142857143000e+15
1.146359191836734000e+15
1.146359240816326000e+15
1.146359289795918000e+15
1.146359338775510000e+15
1.146359387755102000e+15
1.146359436734694000e+15
1.146359485714286000e+15
1.146359534693876000e+15
1.146359583673468000e+15
1.146359632653060000e+15
1.146359681632652000e+15
1.146359730612244000e+15
1.146359779591836000e+15
1.146359828571428000e+15
1.146359877551020000e+15
1.146359926530612000e+15
1.146359975510204000e+15
1.146360024489796000e+15
1.146360073469388000e+15
1.146360122448980000e+15
1.146360171428572000e+15
1.146360220408164000e+15
1.146360269387756000e+15
1.146360318367344000e+15
1.146360367346936000e+15
1.146360416326528000e+15
1.146360465306120000e+15
1.146360514285712000e+15
1.146360563265304000e+15
1.146360612244896000e+15
1.146360661224488000e+15
1.146360710204080000e+15
1.146360759183672000e+15
1.146360808163264000e+15
1.146360857142856000e+15
1.146360906122448000e+15
1.146360955102040000e+15
1.146361004081632000e+15
1.146361053061224000e+15
1.146361102040816000e+15
1.146361151020408000e+15
1.146361200000000000e+15
1.146364428000000000e+15
1.146364476979592000e+15
1.146364525959184000e+15
1.146364574938776000e+15
1.146364623918367000e+15
1.146364672897959000e+15
1.146364721877551000e+15
1.146364770857143000e+15
1.146364819836734000e+15
1.146364868816326000e+15
1.146364917795918000e+15
1.146364966775510000e+15
1.146365015755102000e+15
1.146365064734694000e+15
1.146365113714286000e+15
1.146365162693878000e+15
1.146365211673468000e+15
1.146365260653060000e+15
1.146365309632652000e+15
1.146365358612244000e+15
1.146365407591836000e+15
1.146365456571428000e+15
1.146365505551020000e+15
1.146365554530612000e+15
1.146365603510204000e+15
1.146365652489796000e+15
1.146365701469388000e+15
1.146365750448980000e+15
1.146365799428572000e+15
1.146365848408164000e+15
1.146365897387756000e+15
1.146365946367344000e+15
1.146365995346936000e+15
1.146366044326528000e+15
1.146366093306120000e+15
1.146366142285712000e+15
1.146366191265304000e+15
1.146366240244896000e+15
1.146366289224488000e+15
1.146366338204080000e+15
1.146366387183672000e+15
1.146366436163264000e+15
1.146366485142856000e+15
1.146366534122448000e+15
1.146366583102040000e+15
1.146366632081632000e+15
1.146366681061224000e+15
1.146366730040816000e+15
1.146366779020408000e+15
1.146366828000000000e+15
1.146373635000000000e+15
1.146373683979592000e+15
1.146373732959184000e+15
1.146373781938776000e+15
1.146373830918367000e+15
1.146373879897959000e+15
1.146373928877551000e+15
1.146373977857143000e+15
1.146374026836734000e+15
1.146374075816326000e+15
1.146374124795918000e+15
1.146374173775510000e+15
1.146374222755102000e+15
1.146374271734694000e+15
1.146374320714286000e+15
1.146374369693878000e+15
1.146374418673468000e+15
1.146374467653060000e+15
1.146374516632652000e+15
1.146374565612244000e+15
1.146374614591836000e+15
1.146374663571428000e+15
1.146374712551020000e+15
1.146374761530612000e+15
1.146374810510204000e+15
1.146374859489796000e+15
1.146374908469388000e+15
1.146374957448980000e+15
1.146375006428572000e+15
1.146375055408164000e+15
1.146375104387756000e+15
1.146375153367344000e+15
1.146375202346936000e+15
1.146375251326528000e+15
1.146375300306120000e+15
1.146375349285712000e+15
1.146375398265304000e+15
1.146375447244896000e+15
1.146375496224488000e+15
1.146375545204080000e+15
1.146375594183672000e+15
1.146375643163264000e+15
1.146375692142856000e+15
1.146375741122448000e+15
1.146375790102040000e+15
1.146375839081632000e+15
1.146375888061224000e+15
1.146375937040816000e+15
1.146375986020408000e+15
1.146376035000000000e+15
1.146378774000000000e+15
1.146378822979592000e+15
1.146378871959184000e+15
1.146378920938776000e+15
1.146378969918367000e+15
1.146379018897959000e+15
1.146379067877551000e+15
1.146379116857143000e+15
1.146379165836734000e+15
1.146379214816326000e+15
1.146379263795918000e+15
1.146379312775510000e+15
1.146379361755102000e+15
1.146379410734694000e+15
1.146379459714286000e+15
1.146379508693878000e+15
1.146379557673468000e+15
1.146379606653060000e+15
1.146379655632652000e+15
1.146379704612244000e+15
1.146379753591836000e+15
1.146379802571428000e+15
1.146379851551020000e+15
1.146379900530612000e+15
1.146379949510204000e+15
1.146379998489796000e+15
1.146380047469388000e+15
1.146380096448980000e+15
1.146380145428572000e+15
1.146380194408164000e+15
1.146380243387756000e+15
1.146380292367344000e+15
1.146380341346936000e+15
1.146380390326528000e+15
1.146380439306120000e+15
1.146380488285712000e+15
1.146380537265304000e+15
1.146380586244896000e+15
1.146380635224488000e+15
1.146380684204080000e+15
1.146380733183672000e+15
1.146380782163264000e+15
1.146380831142856000e+15
1.146380880122448000e+15
1.146380929102040000e+15
1.146380978081632000e+15
1.146381027061224000e+15
1.146381076040816000e+15
1.146381125020408000e+15
1.146381174000000000e+15
1.146388404000000000e+15
1.146388452979592000e+15
1.146388501959184000e+15
1.146388550938776000e+15
1.146388599918367000e+15
1.146388648897959000e+15
1.146388697877551000e+15
1.146388746857143000e+15
1.146388795836734000e+15
1.146388844816326000e+15
1.146388893795918000e+15
1.146388942775510000e+15
1.146388991755102000e+15
1.146389040734694000e+15
1.146389089714286000e+15
1.146389138693878000e+15
1.146389187673468000e+15
1.146389236653060000e+15
1.146389285632652000e+15
1.146389334612244000e+15
1.146389383591836000e+15
1.146389432571428000e+15
1.146389481551020000e+15
1.146389530530612000e+15
1.146389579510204000e+15
1.146389628489796000e+15
1.146389677469388000e+15
1.146389726448980000e+15
1.146389775428572000e+15
1.146389824408164000e+15
1.146389873387756000e+15
1.146389922367344000e+15
1.146389971346936000e+15
1.146390020326528000e+15
1.146390069306120000e+15
1.146390118285712000e+15
1.146390167265304000e+15
1.146390216244896000e+15
1.146390265224488000e+15
1.146390314204080000e+15
1.146390363183672000e+15
1.146390412163264000e+15
1.146390461142856000e+15
1.146390510122448000e+15
1.146390559102040000e+15
1.146390608081632000e+15
1.146390657061224000e+15
1.146390706040816000e+15
1.146390755020408000e+15
1.146390804000000000e+15
1.146393195000000000e+15
1.146393243979592000e+15
1.146393292959184000e+15
1.146393341938776000e+15
1.146393390918367000e+15
1.146393439897959000e+15
1.146393488877551000e+15
1.146393537857143000e+15
1.146393586836734000e+15
1.146393635816326000e+15
1.146393684795918000e+15
1.146393733775510000e+15
1.146393782755102000e+15
1.146393831734694000e+15
1.146393880714286000e+15
1.146393929693878000e+15
1.146393978673468000e+15
1.146394027653060000e+15
1.146394076632652000e+15
1.146394125612244000e+15
1.146394174591836000e+15
1.146394223571428000e+15
1.146394272551020000e+15
1.146394321530612000e+15
1.146394370510204000e+15
1.146394419489796000e+15
1.146394468469388000e+15
1.146394517448980000e+15
1.146394566428572000e+15
1.146394615408164000e+15
1.146394664387756000e+15
1.146394713367344000e+15
1.146394762346936000e+15
1.146394811326528000e+15
1.146394860306120000e+15
1.146394909285712000e+15
1.146394958265304000e+15
1.146395007244896000e+15
1.146395056224488000e+15
1.146395105204080000e+15
1.146395154183672000e+15
1.146395203163264000e+15
1.146395252142856000e+15
1.146395301122448000e+15
1.146395350102040000e+15
1.146395399081632000e+15
1.146395448061224000e+15
1.146395497040816000e+15
1.146395546020408000e+15
1.146395595000000000e+15
1.146403284000000250e+15
1.146403332979591750e+15
1.146403381959184000e+15
1.146403430938776000e+15
1.146403479918368000e+15
1.146403528897960000e+15
1.146403577877551000e+15
1.146403626857143000e+15
1.146403675836734000e+15
1.146403724816326000e+15
1.146403773795918000e+15
1.146403822775510000e+15
1.146403871755102000e+15
1.146403920734694000e+15
1.146403969714286000e+15
1.146404018693876000e+15
1.146404067673468000e+15
1.146404116653060000e+15
1.146404165632652000e+15
1.146404214612244000e+15
1.146404263591836000e+15
1.146404312571428000e+15
1.146404361551020000e+15
1.146404410530612000e+15
1.146404459510204000e+15
1.146404508489796000e+15
1.146404557469388000e+15
1.146404606448980000e+15
1.146404655428572000e+15
1.146404704408164000e+15
1.146404753387756000e+15
1.146404802367344000e+15
1.146404851346936000e+15
1.146404900326528000e+15
1.146404949306120000e+15
1.146404998285712000e+15
1.146405047265304000e+15
1.146405096244896000e+15
1.146405145224488000e+15
1.146405194204080000e+15
1.146405243183672000e+15
1.146405292163264000e+15
1.146405341142856000e+15
1.146405390122448000e+15
1.146405439102040000e+15
1.146405488081632000e+15
1.146405537061224000e+15
1.146405586040816000e+15
1.146405635020408000e+15
1.146405684000000000e+15
1.146407723999999750e+15
1.146407772979591250e+15
1.146407821959183500e+15
1.146407870938775500e+15
1.146407919918367000e+15
1.146407968897959000e+15
1.146408017877551000e+15
1.146408066857143000e+15
1.146408115836734000e+15
1.146408164816326000e+15
1.146408213795918000e+15
1.146408262775510000e+15
1.146408311755102000e+15
1.146408360734694000e+15
1.146408409714286000e+15
1.146408458693876000e+15
1.146408507673468000e+15
1.146408556653060000e+15
1.146408605632652000e+15
1.146408654612244000e+15
1.146408703591836000e+15
1.146408752571428000e+15
1.146408801551020000e+15
1.146408850530612000e+15
1.146408899510204000e+15
1.146408948489796000e+15
1.146408997469388000e+15
1.146409046448980000e+15
1.146409095428572000e+15
1.146409144408164000e+15
1.146409193387756000e+15
1.146409242367348000e+15
1.146409291346936000e+15
1.146409340326528000e+15
1.146409389306120000e+15
1.146409438285712000e+15
1.146409487265304000e+15
1.146409536244896000e+15
1.146409585224488000e+15
1.146409634204080000e+15
1.146409683183672000e+15
1.146409732163264000e+15
1.146409781142856000e+15
1.146409830122448000e+15
1.146409879102040000e+15
1.146409928081632000e+15
1.146409977061224000e+15
1.146410026040816000e+15
1.146410075020408000e+15
1.146410124000000000e+15
1.146418317000000000e+15
1.146418365979592000e+15
1.146418414959184000e+15
1.146418463938776000e+15
1.146418512918367000e+15
1.146418561897959000e+15
1.146418610877551000e+15
1.146418659857143000e+15
1.146418708836734000e+15
1.146418757816326000e+15
1.146418806795918000e+15
1.146418855775510000e+15
1.146418904755102000e+15
1.146418953734694000e+15
1.146419002714286000e+15
1.146419051693878000e+15
1.146419100673468000e+15
1.146419149653060000e+15
1.146419198632652000e+15
1.146419247612244000e+15
1.146419296591836000e+15
1.146419345571428000e+15
1.146419394551020000e+15
1.146419443530612000e+15
1.146419492510204000e+15
1.146419541489796000e+15
1.146419590469388000e+15
1.146419639448980000e+15
1.146419688428572000e+15
1.146419737408164000e+15
1.146419786387756000e+15
1.146419835367344000e+15
1.146419884346936000e+15
1.146419933326528000e+15
1.146419982306120000e+15
1.146420031285712000e+15
1.146420080265304000e+15
1.146420129244896000e+15
1.146420178224488000e+15
1.146420227204080000e+15
1.146420276183672000e+15
1.146420325163264000e+15
1.146420374142856000e+15
1.146420423122448000e+15
1.146420472102040000e+15
1.146420521081632000e+15
1.146420570061224000e+15
1.146420619040816000e+15
1.146420668020408000e+15
1.146420717000000000e+15
1.146422400000000000e+15
1.146422448979592000e+15
1.146422497959184000e+15
1.146422546938776000e+15
1.146422595918367000e+15
1.146422644897959000e+15
1.146422693877551000e+15
1.146422742857143000e+15
1.146422791836734000e+15
1.146422840816326000e+15
1.146422889795918000e+15
1.146422938775510000e+15
1.146422987755102000e+15
1.146423036734694000e+15
1.146423085714286000e+15
1.146423134693878000e+15
1.146423183673468000e+15
1.146423232653060000e+15
1.146423281632652000e+15
1.146423330612244000e+15
1.146423379591836000e+15
1.146423428571428000e+15
1.146423477551020000e+15
1.146423526530612000e+15
1.146423575510204000e+15
1.146423624489796000e+15
1.146423673469388000e+15
1.146423722448980000e+15
1.146423771428572000e+15
1.146423820408164000e+15
1.146423869387756000e+15
1.146423918367344000e+15
1.146423967346936000e+15
1.146424016326528000e+15
1.146424065306120000e+15
1.146424114285712000e+15
1.146424163265304000e+15
1.146424212244896000e+15
1.146424261224488000e+15
1.146424310204080000e+15
1.146424359183672000e+15
1.146424408163264000e+15
1.146424457142856000e+15
1.146424506122448000e+15
1.146424555102040000e+15
1.146424604081632000e+15
1.146424653061224000e+15
1.146424702040816000e+15
1.146424751020408000e+15
1.146424800000000000e+15
1.146433554000000000e+15
1.146433602979592000e+15
1.146433651959184000e+15
1.146433700938776000e+15
1.146433749918367000e+15
1.146433798897959000e+15
1.146433847877551000e+15
1.146433896857143000e+15
1.146433945836734000e+15
1.146433994816326000e+15
1.146434043795918000e+15
1.146434092775510000e+15
1.146434141755102000e+15
1.146434190734694000e+15
1.146434239714286000e+15
1.146434288693878000e+15
1.146434337673468000e+15
1.146434386653060000e+15
1.146434435632652000e+15
1.146434484612244000e+15
1.146434533591836000e+15
1.146434582571428000e+15
1.146434631551020000e+15
1.146434680530612000e+15
1.146434729510204000e+15
1.146434778489796000e+15
1.146434827469388000e+15
1.146434876448980000e+15
1.146434925428572000e+15
1.146434974408164000e+15
1.146435023387756000e+15
1.146435072367344000e+15
1.146435121346936000e+15
1.146435170326528000e+15
1.146435219306120000e+15
1.146435268285712000e+15
1.146435317265304000e+15
1.146435366244896000e+15
1.146435415224488000e+15
1.146435464204080000e+15
1.146435513183672000e+15
1.146435562163264000e+15
1.146435611142856000e+15
1.146435660122448000e+15
1.146435709102040000e+15
1.146435758081632000e+15
1.146435807061224000e+15
1.146435856040816000e+15
1.146435905020408000e+15
1.146435954000000000e+15
1.146437271000000000e+15
1.146437319979592000e+15
1.146437368959184000e+15
1.146437417938776000e+15
1.146437466918367000e+15
1.146437515897959000e+15
1.146437564877551000e+15
1.146437613857143000e+15
1.146437662836734000e+15
1.146437711816326000e+15
1.146437760795918000e+15
1.146437809775510000e+15
1.146437858755102000e+15
1.146437907734694000e+15
1.146437956714286000e+15
1.146438005693878000e+15
1.146438054673468000e+15
1.146438103653060000e+15
1.146438152632652000e+15
1.146438201612244000e+15
1.146438250591836000e+15
1.146438299571428000e+15
1.146438348551020000e+15
1.146438397530612000e+15
1.146438446510204000e+15
1.146438495489796000e+15
1.146438544469388000e+15
1.146438593448980000e+15
1.146438642428572000e+15
1.146438691408164000e+15
1.146438740387756000e+15
1.146438789367344000e+15
1.146438838346936000e+15
1.146438887326528000e+15
1.146438936306120000e+15
1.146438985285712000e+15
1.146439034265304000e+15
1.146439083244896000e+15
1.146439132224488000e+15
1.146439181204080000e+15
1.146439230183672000e+15
1.146439279163264000e+15
1.146439328142856000e+15
1.146439377122448000e+15
1.146439426102040000e+15
1.146439475081632000e+15
1.146439524061224000e+15
1.146439573040816000e+15
1.146439622020408000e+15
1.146439671000000000e+15
1.146449057999999750e+15
1.146449106979591250e+15
1.146449155959183500e+15
1.146449204938775500e+15
1.146449253918367000e+15
1.146449302897959000e+15
1.146449351877551000e+15
1.146449400857143000e+15
1.146449449836734000e+15
1.146449498816326000e+15
1.146449547795918000e+15
1.146449596775510000e+15
1.146449645755102000e+15
1.146449694734694000e+15
1.146449743714286000e+15
1.146449792693876000e+15
1.146449841673468000e+15
1.146449890653060000e+15
1.146449939632652000e+15
1.146449988612244000e+15
1.146450037591836000e+15
1.146450086571428000e+15
1.146450135551020000e+15
1.146450184530612000e+15
1.146450233510204000e+15
1.146450282489796000e+15
1.146450331469388000e+15
1.146450380448980000e+15
1.146450429428572000e+15
1.146450478408164000e+15
1.146450527387756000e+15
1.146450576367348000e+15
1.146450625346936000e+15
1.146450674326528000e+15
1.146450723306120000e+15
1.146450772285712000e+15
1.146450821265304000e+15
1.146450870244896000e+15
1.146450919224488000e+15
1.146450968204080000e+15
1.146451017183672000e+15
1.146451066163264000e+15
1.146451115142856000e+15
1.146451164122448000e+15
1.146451213102040000e+15
1.146451262081632000e+15
1.146451311061224000e+15
1.146451360040816000e+15
1.146451409020408000e+15
1.146451458000000000e+15
1.146452400000000000e+15
1.146452448979592000e+15
1.146452497959184000e+15
1.146452546938776000e+15
1.146452595918367000e+15
1.146452644897959000e+15
1.146452693877551000e+15
1.146452742857143000e+15
1.146452791836734000e+15
1.146452840816326000e+15
1.146452889795918000e+15
1.146452938775510000e+15
1.146452987755102000e+15
1.146453036734694000e+15
1.146453085714286000e+15
1.146453134693878000e+15
1.146453183673468000e+15
1.146453232653060000e+15
1.146453281632652000e+15
1.146453330612244000e+15
1.146453379591836000e+15
1.146453428571428000e+15
1.146453477551020000e+15
1.146453526530612000e+15
1.146453575510204000e+15
1.146453624489796000e+15
1.146453673469388000e+15
1.146453722448980000e+15
1.146453771428572000e+15
1.146453820408164000e+15
1.146453869387756000e+15
1.146453918367344000e+15
1.146453967346936000e+15
1.146454016326528000e+15
1.146454065306120000e+15
1.146454114285712000e+15
1.146454163265304000e+15
1.146454212244896000e+15
1.146454261224488000e+15
1.146454310204080000e+15
1.146454359183672000e+15
1.146454408163264000e+15
1.146454457142856000e+15
1.146454506122448000e+15
1.146454555102040000e+15
1.146454604081632000e+15
1.146454653061224000e+15
1.146454702040816000e+15
1.146454751020408000e+15
1.146454800000000000e+15
1.146307416000000000e+15
1.146307428060301500e+15
1.146307440120603000e+15
1.146307452180904500e+15
1.146307464241206000e+15
1.146307476301507000e+15
1.146307488361809000e+15
1.146307500422111000e+15
1.146307512482412000e+15
1.146307524542714000e+15
1.146307536603016000e+15
1.146307548663316000e+15
1.146307560723618000e+15
1.146307572783920000e+15
1.146307584844222000e+15
1.146307596904524000e+15
1.146307608964824000e+15
1.146307621025124000e+15
1.146307633085428000e+15
1.146307645145728000e+15
1.146307657206032000e+15
1.146307669266332000e+15
1.146307681326632000e+15
1.146307693386936000e+15
1.146307705447236000e+15
1.146307717507536000e+15
1.146307729567840000e+15
1.146307741628140000e+15
1.146307753688444000e+15
1.146307765748744000e+15
1.146307777809044000e+15
1.146307789869348000e+15
1.146307801929648000e+15
1.146307813989952000e+15
1.146307826050248000e+15
1.146307838110552000e+15
1.146307850170856000e+15
1.146307862231152000e+15
1.146307874291456000e+15
1.146307886351760000e+15
1.146307898412064000e+15
1.146307910472360000e+15
1.146307922532664000e+15
1.146307934592968000e+15
1.146307946653264000e+15
1.146307958713568000e+15
1.146307970773872000e+15
1.146307982834168000e+15
1.146307994894472000e+15
1.146308006954776000e+15
1.146308019015072000e+15
1.146308031075376000e+15
1.146308043135680000e+15
1.146308055195976000e+15
1.146308067256280000e+15
1.146308079316584000e+15
1.146308091376888000e+15
1.146308103437184000e+15
1.146308115497488000e+15
1.146308127557792000e+15
1.146308139618088000e+15
1.146308151678392000e+15
1.146308163738696000e+15
1.146308175798992000e+15
1.146308187859296000e+15
1.146308199919600000e+15
1.146308211979904000e+15
1.146308224040208000e+15
1.146308236100496000e+15
1.146308248160800000e+15
1.146308260221104000e+15
1.146308272281408000e+15
1.146308284341712000e+15
1.146308296402016000e+15
1.146308308462304000e+15
1.146308320522608000e+15
1.146308332582912000e+15
1.146308344643216000e+15
1.146308356703520000e+15
1.146308368763824000e+15
1.146308380824128000e+15
1.146308392884416000e+15
1.146308404944720000e+15
1.146308417005024000e+15
1.146308429065328000e+15
1.146308441125632000e+15
1.146308453185936000e+15
1.146308465246224000e+15
1.146308477306528000e+15
1.146308489366832000e+15
1.146308501427136000e+15
1.146308513487440000e+15
1.146308525547744000e+15
1.146308537608048000e+15
1.146308549668336000e+15
1.146308561728640000e+15
1.146308573788944000e+15
1.146308585849248000e+15
1.146308597909552000e+15
1.146308609969856000e+15
1.146308622030144000e+15
1.146308634090448000e+15
1.146308646150752000e+15
1.146308658211056000e+15
1.146308670271360000e+15
1.146308682331664000e+15
1.146308694391952000e+15
1.146308706452256000e+15
1.146308718512560000e+15
1.146308730572864000e+15
1.146308742633168000e+15
1.146308754693472000e+15
1.146308766753776000e+15
1.146308778814064000e+15
1.146308790874368000e+15
1.146308802934672000e+15
1.146308814994976000e+15
1.146308827055280000e+15
1.146308839115584000e+15
1.146308851175872000e+15
1.146308863236176000e+15
1.146308875296480000e+15
1.146308887356784000e+15
1.146308899417088000e+15
1.146308911477392000e+15
1.146308923537680000e+15
1.146308935597984000e+15
1.146308947658304000e+15
1.146308959718592000e+15
1.146308971778880000e+15
1.146308983839200000e+15
1.146308995899488000e+15
1.146309007959808000e+15
1.146309020020096000e+15
1.146309032080416000e+15
1.146309044140704000e+15
1.146309056200992000e+15
1.146309068261312000e+15
1.146309080321600000e+15
1.146309092381920000e+15
1.146309104442208000e+15
1.146309116502528000e+15
1.146309128562816000e+15
1.146309140623104000e+15
1.146309152683424000e+15
1.146309164743712000e+15
1.146309176804032000e+15
1.146309188864320000e+15
1.146309200924608000e+15
1.146309212984928000e+15
1.146309225045216000e+15
1.146309237105536000e+15
1.146309249165824000e+15
1.146309261226144000e+15
1.146309273286432000e+15
1.146309285346720000e+15
1.146309297407040000e+15
1.146309309467328000e+15
1.146309321527648000e+15
1.146309333587936000e+15
1.146309345648256000e+15
1.146309357708544000e+15
1.146309369768832000e+15
1.146309381829152000e+15
1.146309393889440000e+15
1.146309405949760000e+15
1.146309418010048000e+15
1.146309430070336000e+15
1.146309442130656000e+15
1.146309454190944000e+15
1.146309466251264000e+15
1.146309478311552000e+15
1.146309490371872000e+15
1.146309502432160000e+15
1.146309514492448000e+15
1.146309526552768000e+15
1.146309538613056000e+15
1.146309550673376000e+15
1.146309562733664000e+15
1.146309574793984000e+15
1.146309586854272000e+15
1.146309598914560000e+15
1.146309610974880000e+15
1.146309623035168000e+15
1.146309635095488000e+15
1.146309647155776000e+15
1.146309659216096000e+15
1.146309671276384000e+15
1.146309683336672000e+15
1.146309695396992000e+15
1.146309707457280000e+15
1.146309719517600000e+15
1.146309731577888000e+15
1.146309743638176000e+15
1.146309755698496000e+15
1.146309767758784000e+15
1.146309779819104000e+15
1.146309791879392000e+15
1.146309803939712000e+15
1.146309816000000000e+15
1.146300558000000000e+15
1.146300570060301500e+15
1.146300582120603000e+15
1.146300594180904500e+15
1.146300606241206000e+15
1.146300618301507000e+15
1.146300630361809000e+15
1.146300642422111000e+15
1.146300654482412000e+15
1.146300666542714000e+15
1.146300678603016000e+15
1.146300690663316000e+15
1.146300702723618000e+15
1.146300714783920000e+15
1.146300726844222000e+15
1.146300738904524000e+15
1.146300750964824000e+15
1.146300763025124000e+15
1.146300775085428000e+15
1.146300787145728000e+15
1.146300799206032000e+15
1.146300811266332000e+15
1.146300823326632000e+15
1.146300835386936000e+15
1.146300847447236000e+15
1.146300859507536000e+15
1.146300871567840000e+15
1.146300883628140000e+15
1.146300895688444000e+15
1.146300907748744000e+15
1.146300919809044000e+15
1.146300931869348000e+15
1.146300943929648000e+15
1.146300955989952000e+15
1.146300968050248000e+15
1.146300980110552000e+15
1.146300992170856000e+15
1.146301004231152000e+15
1.146301016291456000e+15
1.146301028351760000e+15
1.146301040412064000e+15
1.146301052472360000e+15
1.146301064532664000e+15
1.146301076592968000e+15
1.146301088653264000e+15
1.146301100713568000e+15
1.146301112773872000e+15
1.146301124834168000e+15
1.146301136894472000e+15
1.146301148954776000e+15
1.146301161015072000e+15
1.146301173075376000e+15
1.146301185135680000e+15
1.146301197195976000e+15
1.146301209256280000e+15
1.146301221316584000e+15
1.146301233376888000e+15
1.146301245437184000e+15
1.146301257497488000e+15
1.146301269557792000e+15
1.146301281618088000e+15
1.146301293678392000e+15
1.146301305738696000e+15
1.146301317798992000e+15
1.146301329859296000e+15
1.146301341919600000e+15
1.146301353979904000e+15
1.146301366040208000e+15
1.146301378100496000e+15
1.146301390160800000e+15
1.146301402221104000e+15
1.146301414281408000e+15
1.146301426341712000e+15
1.146301438402016000e+15
1.146301450462304000e+15
1.146301462522608000e+15
1.146301474582912000e+15
1.146301486643216000e+15
1.146301498703520000e+15
1.146301510763824000e+15
1.146301522824128000e+15
1.146301534884416000e+15
1.146301546944720000e+15
1.146301559005024000e+15
1.146301571065328000e+15
1.146301583125632000e+15
1.146301595185936000e+15
1.146301607246224000e+15
1.146301619306528000e+15
1.146301631366832000e+15
1.146301643427136000e+15
1.146301655487440000e+15
1.146301667547744000e+15
1.146301679608048000e+15
1.146301691668336000e+15
1.146301703728640000e+15
1.146301715788944000e+15
1.146301727849248000e+15
1.146301739909552000e+15
1.146301751969856000e+15
1.146301764030144000e+15
1.146301776090448000e+15
1.146301788150752000e+15
1.146301800211056000e+15
1.146301812271360000e+15
1.146301824331664000e+15
1.146301836391952000e+15
1.146301848452256000e+15
1.146301860512560000e+15
1.146301872572864000e+15
1.146301884633168000e+15
1.146301896693472000e+15
1.146301908753776000e+15
1.146301920814064000e+15
1.146301932874368000e+15
1.146301944934672000e+15
1.146301956994976000e+15
1.146301969055280000e+15
1.146301981115584000e+15
1.146301993175872000e+15
1.146302005236176000e+15
1.146302017296480000e+15
1.146302029356784000e+15
1.146302041417088000e+15
1.146302053477392000e+15
1.146302065537680000e+15
1.146302077597984000e+15
1.146302089658304000e+15
1.146302101718592000e+15
1.146302113778880000e+15
1.146302125839200000e+15
1.146302137899488000e+15
1.146302149959808000e+15
1.146302162020096000e+15
1.146302174080416000e+15
1.146302186140704000e+15
1.146302198200992000e+15
1.146302210261312000e+15
1.146302222321600000e+15
1.146302234381920000e+15
1.146302246442208000e+15
1.146302258502528000e+15
1.146302270562816000e+15
1.146302282623104000e+15
1.146302294683424000e+15
1.146302306743712000e+15
1.146302318804032000e+15
1.146302330864320000e+15
1.146302342924608000e+15
1.146302354984928000e+15
1.146302367045216000e+15
1.146302379105536000e+15
1.146302391165824000e+15
1.146302403226144000e+15
1.146302415286432000e+15
1.146302427346720000e+15
1.146302439407040000e+15
1.146302451467328000e+15
1.146302463527648000e+15
1.146302475587936000e+15
1.146302487648256000e+15
1.146302499708544000e+15
1.146302511768832000e+15
1.146302523829152000e+15
1.146302535889440000e+15
1.146302547949760000e+15
1.146302560010048000e+15
1.146302572070336000e+15
1.146302584130656000e+15
1.146302596190944000e+15
1.146302608251264000e+15
1.146302620311552000e+15
1.146302632371872000e+15
1.146302644432160000e+15
1.146302656492448000e+15
1.146302668552768000e+15
1.146302680613056000e+15
1.146302692673376000e+15
1.146302704733664000e+15
1.146302716793984000e+15
1.146302728854272000e+15
1.146302740914560000e+15
1.146302752974880000e+15
1.146302765035168000e+15
1.146302777095488000e+15
1.146302789155776000e+15
1.146302801216096000e+15
1.146302813276384000e+15
1.146302825336672000e+15
1.146302837396992000e+15
1.146302849457280000e+15
1.146302861517600000e+15
1.146302873577888000e+15
1.146302885638176000e+15
1.146302897698496000e+15
1.146302909758784000e+15
1.146302921819104000e+15
1.146302933879392000e+15
1.146302945939712000e+15
1.146302958000000000e+15
1.146293235000000000e+15
1.146293247060301500e+15
1.146293259120603000e+15
1.146293271180904500e+15
1.146293283241206000e+15
1.146293295301507000e+15
1.146293307361809000e+15
1.146293319422111000e+15
1.146293331482412000e+15
1.146293343542714000e+15
1.146293355603016000e+15
1.146293367663316000e+15
1.146293379723618000e+15
1.146293391783920000e+15
1.146293403844222000e+15
1.146293415904524000e+15
1.146293427964824000e+15
1.146293440025124000e+15
1.146293452085428000e+15
1.146293464145728000e+15
1.146293476206032000e+15
1.146293488266332000e+15
1.146293500326632000e+15
1.146293512386936000e+15
1.146293524447236000e+15
1.146293536507536000e+15
1.146293548567840000e+15
1.146293560628140000e+15
1.146293572688444000e+15
1.146293584748744000e+15
1.146293596809044000e+15
1.146293608869348000e+15
1.146293620929648000e+15
1.146293632989952000e+15
1.146293645050248000e+15
1.146293657110552000e+15
1.146293669170856000e+15
1.146293681231152000e+15
1.146293693291456000e+15
1.146293705351760000e+15
1.146293717412064000e+15
1.146293729472360000e+15
1.146293741532664000e+15
1.146293753592968000e+15
1.146293765653264000e+15
1.146293777713568000e+15
1.146293789773872000e+15
1.146293801834168000e+15
1.146293813894472000e+15
1.146293825954776000e+15
1.146293838015072000e+15
1.146293850075376000e+15
1.146293862135680000e+15
1.146293874195976000e+15
1.146293886256280000e+15
1.146293898316584000e+15
1.146293910376888000e+15
1.146293922437184000e+15
1.146293934497488000e+15
1.146293946557792000e+15
1.146293958618088000e+15
1.146293970678392000e+15
1.146293982738696000e+15
1.146293994798992000e+15
1.146294006859296000e+15
1.146294018919600000e+15
1.146294030979904000e+15
1.146294043040208000e+15
1.146294055100496000e+15
1.146294067160800000e+15
1.146294079221104000e+15
1.146294091281408000e+15
1.146294103341712000e+15
1.146294115402016000e+15
1.146294127462304000e+15
1.146294139522608000e+15
1.146294151582912000e+15
1.146294163643216000e+15
1.146294175703520000e+15
1.146294187763824000e+15
1.146294199824128000e+15
1.146294211884416000e+15
1.146294223944720000e+15
1.146294236005024000e+15
1.146294248065328000e+15
1.146294260125632000e+15
1.146294272185936000e+15
1.146294284246224000e+15
1.146294296306528000e+15
1.146294308366832000e+15
1.146294320427136000e+15
1.146294332487440000e+15
1.146294344547744000e+15
1.146294356608048000e+15
1.146294368668336000e+15
1.146294380728640000e+15
1.146294392788944000e+15
1.146294404849248000e+15
1.146294416909552000e+15
1.146294428969856000e+15
1.146294441030144000e+15
1.146294453090448000e+15
1.146294465150752000e+15
1.146294477211056000e+15
1.146294489271360000e+15
1.146294501331664000e+15
1.146294513391952000e+15
1.146294525452256000e+15
1.146294537512560000e+15
1.146294549572864000e+15
1.146294561633168000e+15
1.146294573693472000e+15
1.146294585753776000e+15
1.146294597814064000e+15
1.146294609874368000e+15
1.146294621934672000e+15
1.146294633994976000e+15
1.146294646055280000e+15
1.146294658115584000e+15
1.146294670175872000e+15
1.146294682236176000e+15
1.146294694296480000e+15
1.146294706356784000e+15
1.146294718417088000e+15
1.146294730477392000e+15
1.146294742537680000e+15
1.146294754597984000e+15
1.146294766658304000e+15
1.146294778718592000e+15
1.146294790778880000e+15
1.146294802839200000e+15
1.146294814899488000e+15
1.146294826959808000e+15
1.146294839020096000e+15
1.146294851080416000e+15
1.146294863140704000e+15
1.146294875200992000e+15
1.146294887261312000e+15
1.146294899321600000e+15
1.146294911381920000e+15
1.146294923442208000e+15
1.146294935502528000e+15
1.146294947562816000e+15
1.146294959623104000e+15
1.146294971683424000e+15
1.146294983743712000e+15
1.146294995804032000e+15
1.146295007864320000e+15
1.146295019924608000e+15
1.146295031984928000e+15
1.146295044045216000e+15
1.146295056105536000e+15
1.146295068165824000e+15
1.146295080226144000e+15
1.146295092286432000e+15
1.146295104346720000e+15
1.146295116407040000e+15
1.146295128467328000e+15
1.146295140527648000e+15
1.146295152587936000e+15
1.146295164648256000e+15
1.146295176708544000e+15
1.146295188768832000e+15
1.146295200829152000e+15
1.146295212889440000e+15
1.146295224949760000e+15
1.146295237010048000e+15
1.146295249070336000e+15
1.146295261130656000e+15
1.146295273190944000e+15
1.146295285251264000e+15
1.146295297311552000e+15
1.146295309371872000e+15
1.146295321432160000e+15
1.146295333492448000e+15
1.146295345552768000e+15
1.146295357613056000e+15
1.146295369673376000e+15
1.146295381733664000e+15
1.146295393793984000e+15
1.146295405854272000e+15
1.146295417914560000e+15
1.146295429974880000e+15
1.146295442035168000e+15
1.146295454095488000e+15
1.146295466155776000e+15
1.146295478216096000e+15
1.146295490276384000e+15
1.146295502336672000e+15
1.146295514396992000e+15
1.146295526457280000e+15
1.146295538517600000e+15
1.146295550577888000e+15
1.146295562638176000e+15
1.146295574698496000e+15
1.146295586758784000e+15
1.146295598819104000e+15
1.146295610879392000e+15
1.146295622939712000e+15
1.146295635000000000e+15
1.146286035000000000e+15
1.146286083979592000e+15
1.146286132959184000e+15
1.146286181938776000e+15
1.146286230918367000e+15
1.146286279897959000e+15
1.146286328877551000e+15
1.146286377857143000e+15
1.146286426836734000e+15
1.146286475816326000e+15
1.146286524795918000e+15
1.146286573775510000e+15
1.146286622755102000e+15
1.146286671734694000e+15
1.146286720714286000e+15
1.146286769693878000e+15
1.146286818673468000e+15
1.146286867653060000e+15
1.146286916632652000e+15
1.146286965612244000e+15
1.146287014591836000e+15
1.146287063571428000e+15
1.146287112551020000e+15
1.146287161530612000e+15
1.146287210510204000e+15
1.146287259489796000e+15
1.146287308469388000e+15
1.146287357448980000e+15
1.146287406428572000e+15
1.146287455408164000e+15
1.146287504387756000e+15
1.146287553367344000e+15
1.146287602346936000e+15
1.146287651326528000e+15
1.146287700306120000e+15
1.146287749285712000e+15
1.146287798265304000e+15
1.146287847244896000e+15
1.146287896224488000e+15
1.146287945204080000e+15
1.146287994183672000e+15
1.146288043163264000e+15
1.146288092142856000e+15
1.146288141122448000e+15
1.146288190102040000e+15
1.146288239081632000e+15
1.146288288061224000e+15
1.146288337040816000e+15
1.146288386020408000e+15
1.146288435000000000e+15
1.146279108000000000e+15
1.146279156979592000e+15
1.146279205959184000e+15
1.146279254938776000e+15
1.146279303918367000e+15
1.146279352897959000e+15
1.146279401877551000e+15
1.146279450857143000e+15
1.146279499836734000e+15
1.146279548816326000e+15
1.146279597795918000e+15
1.146279646775510000e+15
1.146279695755102000e+15
1.146279744734694000e+15
1.146279793714286000e+15
1.146279842693878000e+15
1.146279891673468000e+15
1.146279940653060000e+15
1.146279989632652000e+15
1.146280038612244000e+15
1.146280087591836000e+15
1.146280136571428000e+15
1.146280185551020000e+15
1.146280234530612000e+15
1.146280283510204000e+15
1.146280332489796000e+15
1.146280381469388000e+15
1.146280430448980000e+15
1.146280479428572000e+15
1.146280528408164000e+15
1.146280577387756000e+15
1.146280626367344000e+15
1.146280675346936000e+15
1.146280724326528000e+15
1.146280773306120000e+15
1.146280822285712000e+15
1.146280871265304000e+15
1.146280920244896000e+15
1.146280969224488000e+15
1.146281018204080000e+15
1.146281067183672000e+15
1.146281116163264000e+15
1.146281165142856000e+15
1.146281214122448000e+15
1.146281263102040000e+15
1.146281312081632000e+15
1.146281361061224000e+15
1.146281410040816000e+15
1.146281459020408000e+15
1.146281508000000000e+15
1.146271566000000000e+15
1.146271614979592000e+15
1.146271663959184000e+15
1.146271712938776000e+15
1.146271761918367000e+15
1.146271810897959000e+15
1.146271859877551000e+15
1.146271908857143000e+15
1.146271957836734000e+15
1.146272006816326000e+15
1.146272055795918000e+15
1.146272104775510000e+15
1.146272153755102000e+15
1.146272202734694000e+15
1.146272251714286000e+15
1.146272300693878000e+15
1.146272349673468000e+15
1.146272398653060000e+15
1.146272447632652000e+15
1.146272496612244000e+15
1.146272545591836000e+15
1.146272594571428000e+15
1.146272643551020000e+15
1.146272692530612000e+15
1.146272741510204000e+15
1.146272790489796000e+15
1.146272839469388000e+15
1.146272888448980000e+15
1.146272937428572000e+15
1.146272986408164000e+15
1.146273035387756000e+15
1.146273084367344000e+15
1.146273133346936000e+15
1.146273182326528000e+15
1.146273231306120000e+15
1.146273280285712000e+15
1.146273329265304000e+15
1.146273378244896000e+15
1.146273427224488000e+15
1.146273476204080000e+15
1.146273525183672000e+15
1.146273574163264000e+15
1.146273623142856000e+15
1.146273672122448000e+15
1.146273721102040000e+15
1.146273770081632000e+15
1.146273819061224000e+15
1.146273868040816000e+15
1.146273917020408000e+15
1.146273966000000000e+15
1.146265053000000000e+15
1.146265101979592000e+15
1.146265150959184000e+15
1.146265199938776000e+15
1.146265248918367000e+15
1.146265297897959000e+15
1.146265346877551000e+15
1.146265395857143000e+15
1.146265444836734000e+15
1.146265493816326000e+15
1.146265542795918000e+15
1.146265591775510000e+15
1.146265640755102000e+15
1.146265689734694000e+15
1.146265738714286000e+15
1.146265787693878000e+15
1.146265836673468000e+15
1.146265885653060000e+15
1.146265934632652000e+15
1.146265983612244000e+15
1.146266032591836000e+15
1.146266081571428000e+15
1.146266130551020000e+15
1.146266179530612000e+15
1.146266228510204000e+15
1.146266277489796000e+15
1.146266326469388000e+15
1.146266375448980000e+15
1.146266424428572000e+15
1.146266473408164000e+15
1.146266522387756000e+15
1.146266571367344000e+15
1.146266620346936000e+15
1.146266669326528000e+15
1.146266718306120000e+15
1.146266767285712000e+15
1.146266816265304000e+15
1.146266865244896000e+15
1.146266914224488000e+15
1.146266963204080000e+15
1.146267012183672000e+15
1.146267061163264000e+15
1.146267110142856000e+15
1.146267159122448000e+15
1.146267208102040000e+15
1.146267257081632000e+15
1.146267306061224000e+15
1.146267355040816000e+15
1.146267404020408000e+15
1.146267453000000000e+15
1.146257172000000000e+15
1.146257220979592000e+15
1.146257269959184000e+15
1.146257318938776000e+15
1.146257367918367000e+15
1.146257416897959000e+15
1.146257465877551000e+15
1.146257514857143000e+15
1.146257563836734000e+15
1.146257612816326000e+15
1.146257661795918000e+15
1.146257710775510000e+15
1.146257759755102000e+15
1.146257808734694000e+15
1.146257857714286000e+15
1.146257906693878000e+15
1.146257955673468000e+15
1.146258004653060000e+15
1.146258053632652000e+15
1.146258102612244000e+15
1.146258151591836000e+15
1.146258200571428000e+15
1.146258249551020000e+15
1.146258298530612000e+15
1.146258347510204000e+15
1.146258396489796000e+15
1.146258445469388000e+15
1.146258494448980000e+15
1.146258543428572000e+15
1.146258592408164000e+15
1.146258641387756000e+15
1.146258690367344000e+15
1.146258739346936000e+15
1.146258788326528000e+15
1.146258837306120000e+15
1.146258886285712000e+15
1.146258935265304000e+15
1.146258984244896000e+15
1.146259033224488000e+15
1.146259082204080000e+15
1.146259131183672000e+15
1.146259180163264000e+15
1.146259229142856000e+15
1.146259278122448000e+15
1.146259327102040000e+15
1.146259376081632000e+15
1.146259425061224000e+15
1.146259474040816000e+15
1.146259523020408000e+15
1.146259572000000000e+15
1.146251105999999750e+15
1.146251154979591250e+15
1.146251203959183500e+15
1.146251252938775500e+15
1.146251301918367000e+15
1.146251350897959000e+15
1.146251399877551000e+15
1.146251448857143000e+15
1.146251497836734000e+15
1.146251546816326000e+15
1.146251595795918000e+15
1.146251644775510000e+15
1.146251693755102000e+15
1.146251742734694000e+15
1.146251791714286000e+15
1.146251840693876000e+15
1.146251889673468000e+15
1.146251938653060000e+15
1.146251987632652000e+15
1.146252036612244000e+15
1.146252085591836000e+15
1.146252134571428000e+15
1.146252183551020000e+15
1.146252232530612000e+15
1.146252281510204000e+15
1.146252330489796000e+15
1.146252379469388000e+15
1.146252428448980000e+15
1.146252477428572000e+15
1.146252526408164000e+15
1.146252575387756000e+15
1.146252624367348000e+15
1.146252673346936000e+15
1.146252722326528000e+15
1.146252771306120000e+15
1.146252820285712000e+15
1.146252869265304000e+15
1.146252918244896000e+15
1.146252967224488000e+15
1.146253016204080000e+15
1.146253065183672000e+15
1.146253114163264000e+15
1.146253163142856000e+15
1.146253212122448000e+15
1.146253261102040000e+15
1.146253310081632000e+15
1.146253359061224000e+15
1.146253408040816000e+15
1.146253457020408000e+15
1.146253506000000000e+15
1.146242889000000000e+15
1.146242937979592000e+15
1.146242986959184000e+15
1.146243035938776000e+15
1.146243084918367000e+15
1.146243133897959000e+15
1.146243182877551000e+15
1.146243231857143000e+15
1.146243280836734000e+15
1.146243329816326000e+15
1.146243378795918000e+15
1.146243427775510000e+15
1.146243476755102000e+15
1.146243525734694000e+15
1.146243574714286000e+15
1.146243623693878000e+15
1.146243672673468000e+15
1.146243721653060000e+15
1.146243770632652000e+15
1.146243819612244000e+15
1.146243868591836000e+15
1.146243917571428000e+15
1.146243966551020000e+15
1.146244015530612000e+15
1.146244064510204000e+15
1.146244113489796000e+15
1.146244162469388000e+15
1.146244211448980000e+15
1.146244260428572000e+15
1.146244309408164000e+15
1.146244358387756000e+15
1.146244407367344000e+15
1.146244456346936000e+15
1.146244505326528000e+15
1.146244554306120000e+15
1.146244603285712000e+15
1.146244652265304000e+15
1.146244701244896000e+15
1.146244750224488000e+15
1.146244799204080000e+15
1.146244848183672000e+15
1.146244897163264000e+15
1.146244946142856000e+15
1.146244995122448000e+15
1.146245044102040000e+15
1.146245093081632000e+15
1.146245142061224000e+15
1.146245191040816000e+15
1.146245240020408000e+15
1.146245289000000000e+15
1.146237312000000000e+15
1.146237360979592000e+15
1.146237409959184000e+15
1.146237458938776000e+15
1.146237507918367000e+15
1.146237556897959000e+15
1.146237605877551000e+15
1.146237654857143000e+15
1.146237703836734000e+15
1.146237752816326000e+15
1.146237801795918000e+15
1.146237850775510000e+15
1.146237899755102000e+15
1.146237948734694000e+15
1.146237997714286000e+15
1.146238046693878000e+15
1.146238095673468000e+15
1.146238144653060000e+15
1.146238193632652000e+15
1.146238242612244000e+15
1.146238291591836000e+15
1.146238340571428000e+15
1.146238389551020000e+15
1.146238438530612000e+15
1.146238487510204000e+15
1.146238536489796000e+15
1.146238585469388000e+15
1.146238634448980000e+15
1.146238683428572000e+15
1.146238732408164000e+15
1.146238781387756000e+15
1.146238830367344000e+15
1.146238879346936000e+15
1.146238928326528000e+15
1.146238977306120000e+15
1.146239026285712000e+15
1.146239075265304000e+15
1.146239124244896000e+15
1.146239173224488000e+15
1.146239222204080000e+15
1.146239271183672000e+15
1.146239320163264000e+15
1.146239369142856000e+15
1.146239418122448000e+15
1.146239467102040000e+15
1.146239516081632000e+15
1.146239565061224000e+15
1.146239614040816000e+15
1.146239663020408000e+15
1.146239712000000000e+15
1.146228765000000000e+15
1.146228813979592000e+15
1.146228862959184000e+15
1.146228911938776000e+15
1.146228960918367000e+15
1.146229009897959000e+15
1.146229058877551000e+15
1.146229107857143000e+15
1.146229156836734000e+15
1.146229205816326000e+15
1.146229254795918000e+15
1.146229303775510000e+15
1.146229352755102000e+15
1.146229401734694000e+15
1.146229450714286000e+15
1.146229499693878000e+15
1.146229548673468000e+15
1.146229597653060000e+15
1.146229646632652000e+15
1.146229695612244000e+15
1.146229744591836000e+15
1.146229793571428000e+15
1.146229842551020000e+15
1.146229891530612000e+15
1.146229940510204000e+15
1.146229989489796000e+15
1.146230038469388000e+15
1.146230087448980000e+15
1.146230136428572000e+15
1.146230185408164000e+15
1.146230234387756000e+15
1.146230283367344000e+15
1.146230332346936000e+15
1.146230381326528000e+15
1.146230430306120000e+15
1.146230479285712000e+15
1.146230528265304000e+15
1.146230577244896000e+15
1.146230626224488000e+15
1.146230675204080000e+15
1.146230724183672000e+15
1.146230773163264000e+15
1.146230822142856000e+15
1.146230871122448000e+15
1.146230920102040000e+15
1.146230969081632000e+15
1.146231018061224000e+15
1.146231067040816000e+15
1.146231116020408000e+15
1.146231165000000000e+15
1.146223713000000000e+15
1.146223761979592000e+15
1.146223810959184000e+15
1.146223859938776000e+15
1.146223908918367000e+15
1.146223957897959000e+15
1.146224006877551000e+15
1.146224055857143000e+15
1.146224104836734000e+15
1.146224153816326000e+15
1.146224202795918000e+15
1.146224251775510000e+15
1.146224300755102000e+15
1.146224349734694000e+15
1.146224398714286000e+15
1.146224447693878000e+15
1.146224496673468000e+15
1.146224545653060000e+15
1.146224594632652000e+15
1.146224643612244000e+15
1.146224692591836000e+15
1.146224741571428000e+15
1.146224790551020000e+15
1.146224839530612000e+15
1.146224888510204000e+15
1.146224937489796000e+15
1.146224986469388000e+15
1.146225035448980000e+15
1.146225084428572000e+15
1.146225133408164000e+15
1.146225182387756000e+15
1.146225231367344000e+15
1.146225280346936000e+15
1.146225329326528000e+15
1.146225378306120000e+15
1.146225427285712000e+15
1.146225476265304000e+15
1.146225525244896000e+15
1.146225574224488000e+15
1.146225623204080000e+15
1.146225672183672000e+15
1.146225721163264000e+15
1.146225770142856000e+15
1.146225819122448000e+15
1.146225868102040000e+15
1.146225917081632000e+15
1.146225966061224000e+15
1.146226015040816000e+15
1.146226064020408000e+15
1.146226113000000000e+15
1.146214845000000000e+15
1.146214893979592000e+15
1.146214942959184000e+15
1.146214991938776000e+15
1.146215040918367000e+15
1.146215089897959000e+15
1.146215138877551000e+15
1.146215187857143000e+15
1.146215236836734000e+15
1.146215285816326000e+15
1.146215334795918000e+15
1.146215383775510000e+15
1.146215432755102000e+15
1.146215481734694000e+15
1.146215530714286000e+15
1.146215579693878000e+15
1.146215628673468000e+15
1.146215677653060000e+15
1.146215726632652000e+15
1.146215775612244000e+15
1.146215824591836000e+15
1.146215873571428000e+15
1.146215922551020000e+15
1.146215971530612000e+15
1.146216020510204000e+15
1.146216069489796000e+15
1.146216118469388000e+15
1.146216167448980000e+15
1.146216216428572000e+15
1.146216265408164000e+15
1.146216314387756000e+15
1.146216363367344000e+15
1.146216412346936000e+15
1.146216461326528000e+15
1.146216510306120000e+15
1.146216559285712000e+15
1.146216608265304000e+15
1.146216657244896000e+15
1.146216706224488000e+15
1.146216755204080000e+15
1.146216804183672000e+15
1.146216853163264000e+15
1.146216902142856000e+15
1.146216951122448000e+15
1.146217000102040000e+15
1.146217049081632000e+15
1.146217098061224000e+15
1.146217147040816000e+15
1.146217196020408000e+15
1.146217245000000000e+15
