-3.629742246685606225e-04
-3.645155164930556158e-04
-4.731765901199494993e-04
3.309924193102903789e-04
-6.030304263336488902e-04
-2.277258670691287550e-04
2.473773378314394859e-04
-1.167528557054924900e-04
1.637622563525882678e-04
-2.708820381549872664e-04
3.306070963541667389e-04
3.040198123816287550e-04
2.236029114386047997e-03
2.840600832544191556e-03
2.706893766769254139e-03
3.855156176017990322e-03
3.239795415088382244e-03
4.281323365490845995e-03
3.724531693892044193e-03
3.708348129734848064e-03
3.518383912365845995e-03
2.651407261087434380e-03
9.845001528961463966e-04
1.936633177477907475e-03
3.006675026633522096e-03
2.516158903488004139e-03
2.094615589488639518e-03
2.537351666074813550e-03
2.157423231336802472e-03
2.011385830965911614e-03
1.504300820707071829e-03
1.664980493410669893e-03
1.515475186434661614e-03
1.226482969341857743e-03
1.115509957978218225e-03
9.525183475378798392e-04
8.750684333570096785e-04
8.893253827335842465e-04
5.117088857323204287e-04
2.092303651751864502e-04
3.452493686868715606e-04
-9.320962308633218285e-04
5.833789555713397856e-04
1.225327000473480643e-04
1.949734157986118821e-04
-5.171034071180524716e-04
4.396534929371823108e-04
4.596902866556215606e-04
3.510292130287223644e-04
2.042211667455801072e-05
2.196340849905317749e-04
2.427534623579558071e-04
3.903321545533494641e-04
5.510118272569475284e-04
2.573957346906560750e-04
2.947720614346616141e-04
-2.408268475773342465e-04
1.159822097932458607e-04
1.722393613873066109e-04
3.583503491950967845e-05
-4.600756096117403215e-04
-1.414135248974102144e-04
1.371749723800483323e-04
5.521677961253176892e-04
-4.589196407433701608e-04
1.155968868371201608e-04
1.155968868371548552e-05
-5.587182863794198928e-05
-2.350470032354765038e-04
-5.930120294744337106e-04
-2.335057114109875820e-04
-2.446800771385704287e-04
5.155621152935635498e-04
1.417988478535359143e-04
-2.389002327966849304e-05
2.600929953835220965e-04
7.259484493371201608e-04
9.629220673532251640e-04
2.477626607875635378e-03
2.286891744594385378e-03
1.906963309856374300e-03
2.091147682883529035e-03
2.241808958727900536e-03
1.855330033735794193e-03
1.150959669941609143e-03
1.597934299045145057e-03
1.263088650173604943e-03
1.288134642321650536e-03
9.532889934501243001e-04
1.545915699968439250e-03
8.373067836568853783e-04
9.679312657828315070e-04
3.182767617582044073e-04
5.070850102588397856e-04
2.562397658222859143e-04
1.587530579229834427e-04
1.992119683159737642e-04
1.699274236505732283e-04
-3.005519057765193569e-04
5.725899127998756999e-04
1.063491358901519120e-05
3.668274542297978347e-05
2.000596788194444655e-04
6.165167297979799732e-05
-6.797096946022725301e-05
-1.054243607954545602e-04
1.794063683712121245e-04
6.384030737058080107e-04
6.678417475536615154e-04
7.933029020675502838e-04
1.276960276594065521e-03
1.039909593986742056e-03
9.474320845170450603e-04
8.235122218276519357e-04
9.273952907986110147e-04
1.602943497474747063e-03
1.376065340909090121e-03
1.461144649621212016e-03
1.782966382575756209e-03
1.612961894333964086e-03
1.594620521622475834e-03
1.637314305160984113e-03
1.096629133128156075e-03
9.287824534406560750e-04
8.961070667613639518e-04
6.339333274147720965e-04
4.392681699810600804e-04
1.166757911142679571e-04
9.895093513257596785e-05
6.149754379734806431e-05
9.494357638888811790e-05
-8.322975852272790354e-05
-7.367374921085981243e-05
3.745339133522790354e-05
8.353801688762776956e-05
-1.200666331281560750e-04
3.236712831439225724e-05
2.207129892676761018e-04
-1.430318813131319089e-04
1.680008088699481983e-04
2.123900134154040054e-04
1.023417771464646278e-04
1.128225615530302028e-04
-1.048078440656562919e-05
-1.590613162878787550e-04
1.305474175347221921e-04
-1.021876479640151285e-04
1.649182252209596211e-04
1.048078440656568340e-05
2.412121705334596754e-04
1.818724352904040054e-04
-1.356336805555550737e-05
4.347984236900252503e-04
5.376025883838384846e-04
3.626659663036617322e-04
3.420126558554294725e-04
3.461741437815655208e-04
3.776164970012646852e-05
1.789439808238635181e-04
2.626361268939394859e-04
7.871377347695709611e-04
7.748074001736110147e-04
6.175956340751260348e-04
3.449411103219699598e-04
6.391737196180559410e-04
5.443842724116160214e-04
4.987620344065659544e-04
2.553920553188130174e-04
-1.994431620896460616e-04
1.276189630681819759e-04
2.068413628472220295e-04
-1.345547762784098794e-04
-1.385621350220959946e-04
-5.086263020833044213e-06
-1.125143031881301742e-05
-1.160592743844699598e-04
-1.283896089804290389e-04
-1.357878097380050067e-04
-1.901954111426769692e-04
5.964799360795493971e-05
1.565952493686869013e-04
-2.484562421085858186e-04
-5.779844341856054117e-05
-3.124198528251261975e-04
-1.633769333964646278e-04
-4.502113419349747497e-04
-7.089942392676774029e-05
-2.257992522885102302e-04
2.934619633838382678e-04
-1.017252604166673895e-05
3.247501874210857644e-04
-1.869586983112373748e-04
2.922289299242422731e-04
6.982051964962124498e-05
-2.003679371843434913e-04
4.126038214172979431e-04
1.915825737847221921e-04
3.581962200126261975e-04
-1.340923887310608935e-05
5.614926116635101218e-04
3.948789654356060080e-04
6.750858191287882008e-04
9.841148299400250335e-04
8.023965238320705275e-04
9.010392005997479303e-04
1.462994199810606008e-03
1.921528517597854806e-03
1.833674883601641922e-03
2.371585730350379839e-03
2.130065301452020027e-03
1.803927951388888118e-03
1.289752998737372230e-03
1.065495038273359812e-03
7.381246547506319089e-04
7.305723248106042733e-04
2.859096334438121501e-04
4.801124033301761018e-04
1.584447995580801072e-04
2.086909130366160214e-04
7.968478732638811790e-05
-9.093621764520373740e-05
-1.017252604166678231e-04
-4.962959674873618221e-05
1.619897707544198928e-04
-1.028041646938121501e-04
-1.132849491003798392e-04
5.317456794507596785e-05
2.322726779513881179e-04
1.080445568970959946e-04
-5.086263020832176851e-06
-4.882812500000000000e-04
1.895788944128786466e-04
7.953065814393951304e-05
3.020931976010097423e-05
1.442649147727272801e-04
-5.503953105271464953e-04
2.080743963068186746e-05
1.772485598169191339e-04
-5.040024266098476306e-05
-1.265400587910353722e-04
-2.119276258680556158e-04
2.752747198547981057e-04
7.336549084595956694e-05
-1.572117660984850341e-04
2.483021129261363735e-04
1.496594361584596211e-04
2.003679371843518396e-06
1.183712121212122465e-04
1.256152836963382949e-04
4.176900844381312584e-04
4.827325994318181867e-04
6.812509864267677403e-04
8.067121409406569424e-04
7.789688880997474967e-04
8.153433751578284712e-04
2.792820785984849799e-04
5.194153448547979973e-04
3.680604876893939920e-04
3.244419290561869826e-04
4.622334181660350469e-04
1.803311434659090121e-04
3.051757812500000000e-05
1.439566564078280375e-04
1.476557567866160214e-04
-5.718192668876295043e-05
3.649779040404040054e-04
-1.077362985321969960e-04
1.921990905145200268e-04
-9.263163865214606163e-05
-1.954358033459599464e-04
-8.831602154356008039e-05
2.167056305239899866e-04
-4.748720111268939920e-04
2.953115135732320429e-04
5.086263020833911574e-06
-2.219460227272703617e-05
-1.925073488794190255e-04
4.084423334911602144e-05
-2.928454466540053591e-06
-3.760752051767679571e-04
-1.171381786616171192e-05
-2.157808554292919471e-05
1.977477410827019214e-04
-1.075821693497473747e-04
-1.923532196969695261e-04
2.455277876420454398e-04
-1.061950067077019214e-04
-1.444190439551767794e-04
-8.939492582070798516e-06
-1.909660570549244116e-04
-4.716352982954543976e-05
2.082285254892676319e-04
-1.803311434659090663e-05
-1.875752150410353993e-04
-7.814349550189377512e-05
8.461692116477274699e-05
1.270024463383837617e-04
5.618008700284091205e-04
1.864963107638889853e-04
4.056680082070707443e-04
3.634366122159091205e-04
1.014786537247474750e-03
7.845175386679294725e-04
8.796152442392675234e-04
1.089385061553030040e-03
7.899120600536619491e-04
1.541908341224747930e-03
1.849241931029040054e-03
1.848625414299242056e-03
1.443882181186868091e-03
9.035052675189399196e-04
6.718491062973480643e-04
5.413016887626260348e-04
3.601998993844699598e-04
2.432158499053038714e-04
2.005220663667921233e-04
1.985183869949481983e-04
-4.469746291035393837e-05
-1.844926313920459277e-04
4.531397964015193569e-05
3.632824830334599464e-04
-9.617660984848411254e-05
-1.521255030776519357e-04
4.161487926136395177e-05
-7.798936631944405895e-05
4.115249171401588746e-05
-7.244071575126208307e-05
3.190474076704592765e-05
7.675633285984806431e-05
-1.095858487215901206e-04
1.072739109848485793e-04
2.308855153093435184e-04
2.145478219696968876e-04
-1.565952493686868742e-04
-2.575498638731059538e-04
1.439566564078282001e-04
1.200666331281564545e-04
3.575797032828284170e-04
-2.265698982007585943e-05
-1.710833925189399196e-05
1.974394827178031124e-04
2.646398062657829772e-04
-1.502759528882577269e-04
-8.754537563131312584e-05
-1.541291824494993301e-06
2.493810172032828688e-04
2.552379261363635181e-04
1.468851108743687416e-04
-1.495053069760100134e-04
1.462685941445707443e-04
1.750907512626262517e-04
4.588425761521467122e-04
9.819570213857316092e-04
8.766867897727270362e-04
1.109575984453914019e-03
1.022955383917297997e-03
7.373540088383839786e-04
8.917914496527771032e-04
2.933078342013881179e-04
5.633421618529040054e-04
-1.351712930082078767e-04
6.165167297979973204e-07
1.515089863478539384e-04
-4.253965435606008039e-05
-2.524636008522720965e-04
-1.148262409248739652e-04
1.182170829387620831e-04
8.045543323863604823e-05
4.269378353851001340e-05
-1.513548571654040054e-04
-1.823348228377520697e-04
-1.826430812026519357e-04
-1.678466796875000000e-04
-1.749366220801769692e-04
-1.063491358901502010e-05
-8.168846669823030815e-06
-1.692338423295450603e-04
8.461692116477296383e-05
-2.484562421085859812e-04
2.405956538036619491e-04
9.679312657828277394e-05
-9.802616003787866016e-05
-1.011087436868686874e-04
7.706459122474654797e-06
-1.143638533775253452e-04
-3.302988379892675234e-04
-3.540347320864897698e-04
2.049918126578282544e-04
1.704668757891414886e-04
3.097996567234855220e-05
5.409934303977274699e-05
-9.247750946968875604e-07
-1.962064492582071720e-04
-2.396708787089647363e-04
7.567742858270189426e-05
6.750858191287875502e-05
-1.501218237058081191e-04
-8.045543323863637349e-05
-1.868045691287880923e-04
2.960821594854799732e-04
3.808532098327019485e-04
4.756426570391415970e-04
7.043703637941919893e-04
9.335604580965907711e-04
1.160592743844696996e-03
1.540367049400252070e-03
1.437717013888888985e-03
1.599398526278409012e-03
1.538055111663509146e-03
7.869836055871218955e-04
5.026152639678021367e-04
4.452792080965901206e-04
3.003977765940659544e-04
2.419828164457078767e-04
2.444488833648981313e-04
2.221001519097220295e-04
6.257644807449412594e-05
3.344603259154040054e-04
9.355641374684392497e-05
-1.678466796875000000e-04
1.701586174242420563e-04
9.787203085542990622e-05
1.844926313920459277e-04
-2.711132319286619491e-04
-2.885298295454540723e-04
-1.666136462279040054e-04
2.803609828756319089e-04
-1.068115234375000000e-04
-3.544971196338050912e-06
-3.575797032828280375e-04
1.359419389204545331e-04
-3.406254932133829486e-05
6.488838581123732062e-05
6.180580216224738823e-05
1.909660570549240864e-04
-6.982051964962108235e-05
-6.642967763573231392e-05
2.667976148200758594e-04
-5.363695549242435742e-05
3.390842013888985262e-06
1.740118469854798648e-04
-3.591209951073247655e-05
-1.249987669665402704e-04
-9.910506431502535876e-05
1.698503590593434913e-04
-2.208671184501262517e-04
1.038830689709597838e-04
2.039129083806818133e-04
5.856908933080866124e-06
2.837518248895201352e-04
5.933973524305550737e-05
-1.985183869949492825e-04
1.769403014520200268e-04
4.776463364109845462e-04
5.302043876262625167e-04
6.157460838857324766e-04
7.100731435448234645e-04
7.219410905934340456e-04
2.196340849905300402e-04
2.458360460069440590e-04
-6.488838581123704957e-05
1.988266453598480643e-04
2.142395636047997320e-05
7.244071575126034834e-06
-1.169840494791660884e-04
-1.475016276041660884e-04
2.573957346906595445e-05
-8.769950481376295043e-05
-1.538209240845959946e-04
6.535077335858598124e-05
3.729926215277797052e-05
-3.309153547190659544e-04
4.947546756628798392e-05
-2.809774996054290389e-04
-1.664595170454545060e-04
5.348282630997453282e-05
8.754537563131301742e-05
-4.596132220643935583e-04
-8.430866279987353148e-05
-1.140555950126251675e-05
-1.772485598169191339e-04
-8.538756707702013522e-05
2.805151120580811914e-05
-1.310098050820707985e-04
5.656540995896457364e-05
-2.390543619791668474e-04
-3.155024364741162383e-04
-2.076120087594695261e-04
-3.085666232638889853e-04
-7.536917021780300402e-05
2.712673611111101474e-05
1.441107855902777537e-04
1.126684323705807577e-04
2.242579604640150201e-04
-8.415453361742403215e-05
1.001839685921723962e-05
6.920400291982324766e-05
1.055784899779040054e-04
1.658430003156565087e-04
-2.017550998263889853e-04
1.462685941445707443e-04
4.081340751262625710e-04
3.811614681976010555e-04
8.215085424558080107e-04
1.493665907118055074e-03
1.260314324889520027e-03
1.725476197522095995e-03
1.647332702020202003e-03
1.143022017045454072e-03
6.777060152304299062e-04
2.413662997159098794e-04
1.678466796875000000e-04
4.438920454545407235e-05
-1.078904277146061630e-06
7.567742858270200268e-05
-1.140555950126260348e-04
-1.951275449810600804e-04
6.319296480429212326e-05
-4.670114228219612862e-05
8.461692116477209646e-05
-4.932133838383805091e-05
-3.124198528251260348e-04
2.276488024779040054e-04
1.249987669665400536e-04
-1.741659761679212326e-05
8.184259588068197588e-05
-1.753990096275259009e-04
-1.573658952809340456e-04
-1.410282019412879839e-04
6.041863952020200268e-05
-2.419828164457071720e-04
5.964799360795456024e-05
1.880376025883829486e-05
4.716352982954545331e-05
-1.037289397885100541e-04
-3.806990806502535876e-05
1.915825737847221921e-04
-1.259235420612373206e-04
-2.378213285195707985e-04
-1.562869910037877671e-04
1.769403014520201352e-04
1.390245225694444926e-04
-3.190474076704543976e-05
-2.264157690183080649e-04
-5.073932686237375917e-04
-1.371749723800505007e-04
3.367722636521464953e-04
-3.847064393939390523e-04
2.048376834753785382e-04
1.464227233270201352e-04
1.430318813131311500e-04
3.198180535827019485e-04
7.578531901041667389e-04
5.839954723011362651e-04
7.587779651988637349e-04
5.940138691603535047e-04
7.338090376420454940e-04
4.161487926136351809e-05
9.309402619949499330e-05
3.054840396148989987e-04
1.712375217013889853e-04
4.808830492424248995e-05
2.128524009627525033e-04
4.253965435606051407e-05
-8.970318418560600804e-05
3.600457702020200268e-04
-9.093621764520026796e-06
-2.464525627367420563e-04
3.961119988952002680e-05
7.829762468434392497e-05
-2.162432429766414886e-04
9.401880129419025456e-06
7.043703637941945914e-05
-1.643017084911615154e-04
-8.523343789457096115e-05
-1.988266453598497990e-05
4.062845249368685248e-04
-1.397951684816919893e-04
-5.625715159406552077e-05
-3.914881234217196249e-05
-1.689255839646464140e-04
-2.177845348011363464e-04
8.245911261047986478e-05
1.081986860795454398e-04
-1.849550189393938293e-04
-8.847015072601006761e-05
1.926614780618703679e-05
4.161487926136373493e-06
-4.531397964015161043e-05
3.392383305713382678e-04
9.710138494318186746e-06
-1.205290206755052235e-04
-5.949386442550522354e-05
-3.074877189867426526e-04
2.049918126578282544e-04
1.704668757891415970e-04
1.482722735164143440e-04
1.300850299873736941e-04
3.346144550978534505e-04
2.835976957070717201e-05
7.513797644412882008e-04
6.991299715909090121e-04
9.754835957228535047e-04
8.629692925347224632e-04
7.880625098642675234e-04
9.152190853851010013e-04
3.990404533617429236e-04
3.415502683080809745e-04
1.043454565183080107e-04
1.834137271148998660e-05
-9.247750946969959807e-06
-5.718192668876295043e-05
-9.740964330808097454e-05
1.895788944128798392e-05
4.161487926136395177e-05
2.728086529356094775e-05
1.875752150410350469e-04
-1.208372790404040054e-04
-1.505842112531560750e-04
9.417293047664192229e-05
2.758912365845994641e-05
1.946651574337120161e-04
1.758613971748739652e-04
-8.430866279987396517e-05
4.685527146464606163e-05
-1.718540384311869826e-04
-2.555461845012629504e-04
-2.589370265151502010e-05
2.533883759469699598e-04
-1.585989287405300402e-04
4.577636718750000000e-05
-1.159051452020201081e-04
-1.857256648516416241e-04
3.249043166035352637e-04
8.353801688762630588e-05
1.211455374053028956e-04
-2.933078342013889853e-04
1.112812697285353993e-04
-1.652264835858584030e-04
1.644558376736110147e-04
-3.389300722064391607e-04
1.074280401672980786e-04
1.078904277146413996e-06
6.057276870265166464e-05
1.518172447127526118e-04
3.976532907196985139e-05
1.359419389204545602e-04
-7.197832820391434402e-05
-1.123601740056818133e-04
4.532939255839647905e-04
1.151344992897727470e-04
2.835976957070707443e-04
6.219112511837120161e-04
5.114006273674244658e-04
5.500870521622474967e-04
2.527718592171715288e-04
1.219161833175505007e-04
1.606026081123735315e-04
3.155024364741164551e-04
-3.822403724747453282e-05
2.140854344223484980e-04
2.712673611111101474e-05
1.593695746527779705e-04
6.473425662878798392e-05
1.194501163983580777e-04
-2.492268880208334779e-04
-2.436782374526515020e-04
-9.710138494318197588e-05
3.190474076704545060e-04
-1.430318813131310415e-04
1.233033459595959946e-04
2.285735775726005677e-04
-2.313479028566919893e-04
9.263163865214649531e-05
5.610302241161645512e-05
-1.757072679924248995e-05
-5.101675939078297722e-05
-4.184607303503789719e-04
3.560384114583347789e-05
-7.706459122474532825e-06
-1.733953302556818133e-04
7.706459122474641245e-06
-3.252125749684354550e-05
-1.561328618213382678e-04
4.038184580176768608e-05
-2.150102095170454398e-04
8.800776317866173225e-05
-7.567742858270189426e-05
1.049619732481059538e-04
3.945707070707079852e-05
1.297767716224746412e-04
3.341520675505050609e-04
-2.507681798453283628e-04
8.600408380681818675e-05
6.464177911931818675e-04
6.838711825284092289e-04
7.464476306029040054e-04
7.823597301136364819e-04
9.107493390940659544e-04
8.097947245896469290e-04
5.158703736584599464e-04
4.263213186553030040e-04
1.034206814236110147e-04
-1.109730113636395177e-05
1.995972912720959946e-04
4.346442945075794373e-05
1.562869910037879839e-04
-1.778650765467170228e-04
-3.236712831439052251e-06
-1.448814315025293703e-05
-1.814100477430559410e-04
-4.269378353851001340e-05
2.330433238636360482e-04
6.642967763573291023e-05
-1.293143840751260348e-04
-3.668274542297997320e-05
9.895093513257596785e-05
-2.809774996054290389e-04
-2.011385830965909879e-04
-1.434942688604799732e-04
6.103515625000000000e-05
8.924079663825707637e-05
-1.078904277146495311e-05
-8.292150015782803751e-05
8.584995462436895847e-05
-1.194501163983580777e-04
-5.175657946654040054e-04
-1.908119278724749665e-04
-2.433699790877529370e-04
9.556009311868958467e-06
-1.256152836963382949e-04
-8.600408380681818675e-05
-3.813155973800507175e-04
-8.245911261047986478e-05
-6.627554845328276038e-05
6.535077335858587282e-05
9.879680595012625167e-05
1.448814315025253588e-04
1.659971294981058996e-04
9.648486821338376172e-05
-1.385621350220961573e-04
-2.288818359375000542e-04
1.464227233270201352e-04
1.086610736268937751e-04
2.136230468750000000e-04
1.818724352904021622e-05
4.465122415561870368e-04
1.897330235953283628e-04
-4.932133838383826775e-05
1.461144649621210281e-04
1.340923887310607309e-04
2.043752959280300402e-04
3.400089764835855476e-04
5.903147687815650871e-05
-9.478944720643926909e-05
-1.968229659880052235e-04
-2.358176491477272530e-04
-2.028340041035353722e-04
-1.851091481218434913e-04
-1.049619732481062249e-04
-2.173221472537880652e-04
2.071496212121210552e-04
-1.864963107638898526e-05
-1.983642578125000000e-04
2.036046500157828146e-04
9.740964330808086612e-05
-1.006463561395201352e-04
-2.221001519097220295e-04
-1.234574751420454669e-04
1.567493785511363735e-04
7.089942392676749634e-05
7.752697877209594043e-05
-1.314721926294191339e-04
-1.012628728693181867e-04
-1.303932883522727199e-04
-4.941381589330807577e-04
3.859394728535352637e-04
2.988564847695707985e-04
-2.184010515309344521e-04
-1.305474175347220295e-04
-5.147914693813112285e-05
1.285437381628789448e-04
1.108188821811870639e-04
-1.023417771464646007e-04
4.192313762626267938e-05
2.338139697758837075e-04
7.257943201546717456e-04
5.466962101483585114e-04
5.648834536773989987e-04
3.022473267834599464e-04
3.326107757260100134e-04
2.655645813604799732e-04
-2.620196101641445244e-05
4.993785511363648191e-05
-4.855069247159098794e-05
3.586586075599745328e-04
-5.379108467487353148e-05
-7.043703637941902546e-05
-8.014717487373748325e-05
3.082583648989986602e-07
-1.152886284722220295e-04
1.417988478535350469e-05
-3.067170730744949933e-05
8.692885890151545378e-05
2.766618824968434913e-04
-3.899468315972202948e-05
-2.435241082702002680e-05
-1.206831498579545060e-04
1.163675327493689585e-04
-1.279272214330809745e-04
-7.737284958964649531e-05
4.947546756628798392e-05
-1.889623776830809745e-04
-1.680008088699455962e-05
5.641128077651545378e-05
1.888082485006310415e-04
-1.388703933869945596e-04
-2.241038312815655208e-04
-6.165167297979973204e-07
-1.417988478535354806e-04
-1.217620541351001340e-05
-2.754288490372474967e-04
-1.028041646938130174e-04
-3.837816642992446584e-05
1.898871527777779705e-04
9.263163865214649531e-05
-2.704967151988635181e-04
-1.787898516414148861e-05
2.224084102746210281e-04
-1.912743154198234645e-04
-8.245911261047989189e-05
-2.265698982007561548e-05
-5.610302241161626538e-05
-4.916720920138898526e-05
-3.822403724747466835e-05
7.937652896148993239e-05
-3.360016177398989987e-04
4.127579505997474424e-04
3.907174775094699598e-04
1.627604166666665221e-04
1.818724352904021622e-05
1.606026081123736399e-04
1.676925505050507175e-04
-1.308556758996210281e-04
1.900412819602272530e-04
-1.347089054608584030e-04
-1.114353989109846546e-04
6.673793600063114995e-05
-1.340923887310622488e-05
-2.073037503945707985e-04
5.702779750631095743e-06
-4.622334181660352637e-04
3.575797032828278071e-05
2.345846156881311228e-04
-1.433401396780301486e-04
2.023716165561870910e-04
1.041913273358584030e-04
1.069656526199492825e-04
-1.584447995580807577e-04
-9.956745186237369412e-05
-1.208372790404038427e-04
-4.007358743686887715e-05
-9.340228456439378867e-05
5.718192668876266583e-05
-1.128225615530301622e-04
9.124447601010096068e-05
-8.353801688762630588e-05
3.467906605113636672e-05
-3.531099569917928280e-04
-1.849550189393926909e-05
7.691046204229805153e-05
-1.743201053503789719e-04
-1.787898516414159703e-05
2.079202671243688500e-04
-1.387162642045454940e-04
-2.472232086489897698e-04
-6.473425662878798392e-05
1.821806936553028956e-04
-1.590613162878789719e-04
1.798687559185607309e-04
7.583155776515158332e-05
-1.544374408143940733e-04
-4.993785511363637349e-05
7.536917021780296336e-05
2.966986762152778079e-04
3.492567274305556158e-04
1.710833925189399196e-05
2.823646622474747497e-04
-3.899468315972224632e-05
9.787203085542925569e-05
8.060956242108598124e-05
2.590911556976010013e-04
-3.544971196338376172e-05
1.434942688604799732e-04
6.735445273042925569e-05
-1.425694937657827604e-04
-1.132849491003787550e-04
3.415502683080807577e-04
-1.789439808238635181e-04
3.252125749684349129e-05
-5.872321851325772689e-05
2.311937736742422731e-04
-8.970318418560600804e-05
-6.766271109532825435e-05
2.425993331755050067e-04
-2.318102904040402704e-04
4.515985045770200268e-05
2.000596788194444926e-04
-1.599860913825759678e-04
3.603540285669192423e-04
-1.074280401672979973e-04
4.377268781565650871e-05
-1.558246034564394859e-04
6.303883562184349129e-05
-9.247750946969526126e-06
3.410878807607322597e-04
-2.066872336647727470e-04
1.037289397885100134e-04
-2.832894373421717456e-04
1.350171638257575100e-04
-3.817779849273989987e-04
6.195993134469699598e-05
1.063491358901515020e-04
6.673793600063125837e-05
-9.679312657828276038e-05
1.757072679924242490e-04
-1.055784899779040054e-04
1.283896089804292557e-04
-1.390245225694444926e-04
1.861880523989899866e-04
-5.517824731691924230e-05
-1.149803701073232477e-04
-3.282951586174227311e-05
1.823348228377527202e-04
-1.254611545138889853e-04
1.032665522411617322e-04
9.617660984848497990e-05
-6.781684027777775368e-05
-1.071197818023989987e-04
-6.642967763573225971e-05
1.622980291193182410e-04
1.371749723800505007e-04
1.219161833175505007e-04
-2.096156881313147521e-05
-1.512007279829545060e-04
3.020931976010100134e-05
-5.086263020833347789e-05
3.390842013888898526e-05
6.319296480429277378e-05
9.895093513257575100e-05
8.400040443497453282e-05
4.700940064709599464e-05
1.834137271148989987e-04
6.242231889204549397e-05
9.309402619949499330e-05
1.493511777935605141e-04
1.715457800662875502e-04
1.125143031881314752e-04
-2.835976957070700938e-05
1.969770951704545060e-04
3.626659663036615154e-04
4.266295770202020027e-04
4.623875473484849799e-05
5.841496014835894507e-05
3.699100378787897186e-05
-3.961119988952002680e-05
-6.565903172348497990e-05
1.507383404356060080e-04
-5.425347222222202948e-05
4.582260594223480643e-04
8.353801688762603483e-05
1.721622967960859812e-04
4.437379162720959946e-04
1.741659761679290389e-04
2.692636817392679571e-04
3.662109375000000000e-04
1.999055496369949933e-04
1.664595170454549397e-04
1.516631155303030040e-04
3.005519057765106833e-05
3.205886994949490656e-04
1.305474175347220295e-04
2.470690794665400536e-04
6.288470643939399196e-05
1.985183869949490656e-04
2.538507634943180241e-04
1.510465988005006699e-05
9.571422230113691559e-05
4.480535333806819759e-04
3.739173966224740991e-04
1.071197818023998660e-04
4.500572127525206967e-05
4.213891848169198928e-04
5.246557370580801072e-04
-2.834435665246218955e-04
-1.536667949021460616e-04
-6.011038115530387138e-05
-6.011038115530040193e-06
1.803311434659098794e-04
3.597375118371218955e-04
2.506140506628781045e-04
1.476557567866160214e-04
7.043703637941989282e-05
-8.662060053661602144e-05
-2.219460227272790354e-05
-2.851389875315607503e-05
-1.431860104955801072e-04
2.879133128156560750e-04
5.194153448547997320e-05
-2.207129892676761018e-04
-1.430318813131319089e-04
-6.535077335858598124e-05
6.596729008838397856e-05
-2.481479837436861152e-04
-6.935813210227903536e-06
-1.479640151515193569e-05
-4.176900844381388478e-05
2.045294251104799732e-04
-1.695421006944058950e-06
1.356336805555559410e-04
5.178740530303004019e-05
-1.114353989109841125e-04
2.429075915404040054e-04
1.834137271148998660e-05
-2.299607402146460616e-04
3.097996567234806431e-05
-7.367374921085807771e-05
2.603241891571961286e-04
-3.113409485479799732e-04
1.317804509943180241e-04
1.433401396780387138e-05
-1.834137271148998660e-05
-2.604783183396408575e-05
8.045543323863604823e-05
1.680008088699499330e-04
-2.752747198547979973e-04
-1.541291824499330110e-07
4.747178819444405895e-05
1.539750532670459277e-04
-8.369214607007596785e-05
2.530801175820700938e-04
2.271864149305559410e-04
-3.823945016571961286e-04
-1.006463561395200268e-04
1.148262409248739652e-04
1.248446377840987942e-05
6.689206518308010718e-05
1.371749723800500670e-04
-1.595237038352279035e-04
-2.899169921875000000e-04
-3.190474076704592765e-05
5.040024266098411254e-05
1.015711312342178901e-04
-5.317456794507596785e-05
2.589370265151588746e-05
5.394521385732389818e-05
8.862427990845994641e-05
-1.320887093592178901e-04
3.097996567234806431e-05
1.535126657196961286e-04
-3.549595071811861152e-04
-1.043454565183080107e-04
-2.019092290088397856e-05
-3.128822403724793033e-05
1.140555950126208307e-05
-8.847015072601001340e-05
-3.617411912089640857e-04
5.702779750631908895e-06
9.895093513257596785e-05
-6.982051964962189550e-05
1.340923887310600804e-05
-1.307015467171719625e-04
1.015711312342178901e-04
-1.263859296085807771e-05
-1.633769333964606163e-05
-3.387759430239899866e-04
4.408094618055594105e-05
-1.330134844539140188e-04
7.105355310921789014e-05
7.783523713699412594e-05
2.438323666351010827e-04
1.957440617108568309e-05
7.860588304924259837e-05
-1.613732540246210552e-04
2.481479837436887715e-05
-5.394521385732341029e-05
2.233331853693181867e-04
-8.785363399621299186e-06
1.040371981534090663e-04
8.446279198232324766e-05
-7.937652896148993239e-05
-6.904987373737369412e-05
3.544971196338381593e-05
-4.258589311079545602e-04
-2.983940972222221921e-04
1.308556758996212992e-04
2.173221472537877400e-04
-3.005519057765144780e-05
3.051757812500000000e-05
3.020931976010096068e-05
-6.966639046717175920e-05
8.769950481376267938e-05
2.019092290088373462e-05
4.007358743686866031e-05
2.234873145517677945e-05
1.572117660984849799e-04
2.928454466540405957e-05
1.488887902462122329e-04
-1.678466796875000000e-04
-8.014717487373694115e-06
-2.102322048611110147e-04
-4.300204190340909337e-05
-1.512007279829545331e-04
-1.475016276041667932e-04
1.131308199179292015e-04
1.843385022095959946e-04
6.596729008838376172e-05
2.261075106534090663e-04
-9.525183475378776708e-05
-1.461144649621213534e-04
-3.293740628945707985e-04
1.744742345328282544e-04
2.923830591066919893e-04
2.083826546717171854e-04
-2.230249270044191881e-04
1.905036695075759136e-04
1.259235420612372664e-04
2.368965534248737483e-04
-3.118033360953283628e-04
4.022771661931813254e-05
-1.481181443339646278e-04
1.729329427083331526e-04
1.666136462279040054e-04
-2.788196910511363735e-04
3.577338324652778621e-04
1.439566564078282544e-04
-9.001144255050500670e-05
-2.311937736742414057e-05
1.905036695075758594e-04
-2.609407058869949933e-04
9.093621764520189426e-05
-5.194153448547986478e-05
4.841197620738637349e-04
3.571173157354799732e-04
2.225625394570707443e-04
7.737284958964627847e-05
1.026500355113635181e-04
5.846119890309340456e-04
8.338388770517653550e-05
5.166410195707070094e-04
3.216676037720959946e-04
1.379456182922979973e-04
1.578282828282829772e-04
6.521205709438130174e-04
4.036643288352270362e-04
3.565007990056819759e-04
4.771839488636360482e-04
5.010739721433080107e-04
3.449411103219699598e-04
5.955551609848480643e-04
2.712673611111110147e-04
6.014120699179299062e-04
1.316263218118680911e-04
6.234525430082061420e-04
1.385621350220959946e-04
-3.005519057765193569e-05
6.621389678030300402e-04
8.383086233428038714e-04
7.347338127367420563e-04
2.230249270044198928e-04
3.933376736111118821e-04
1.172923078440659544e-04
8.114901455965901206e-04
4.821160827020200268e-04
5.053895892518939920e-04
4.364938446969699598e-04
5.773679174558080107e-04
3.511062776199499330e-04
5.910854146938121501e-04
8.310645517676761018e-04
5.280465790719682251e-04
5.873863143150241661e-04
2.692636817392679571e-04
5.331328420928038714e-04
5.721275252525241661e-04
5.470044685132562090e-04
6.878785412720959946e-04
4.979913884943197588e-04
7.335007792771477964e-04
6.131258877840918553e-04
4.381892657039157535e-04
1.296226424400241661e-04
4.663949060921719625e-04
3.680604876893922572e-04
4.545269590435600804e-04
5.480833727904040054e-04
2.267240273832078767e-04
4.801124033301761018e-04
2.145478219696961286e-04
3.615870620265158875e-04
-1.616815123895200268e-04
-6.904987373737223044e-05
3.409337515782838446e-04
2.592452848800518017e-04
2.951573843907838446e-04
2.905335089172997320e-04
1.390245225694440590e-04
1.135932074652762358e-04
4.223139599116021436e-05
-8.785363399620160774e-06
2.503057922979799732e-04
8.569582544191989282e-05
2.777407867739882519e-04
2.538507634943197588e-04
1.519713738952002680e-04
-2.820564038825759678e-04
-1.017252604166782315e-05
2.777407867739882519e-04
-1.034206814236118821e-04
-8.939492582070787674e-05
-4.623875473484806431e-05
-1.536667949021477964e-04
-1.495053069760117481e-04
8.492517952967196249e-05
-1.374832307449481983e-04
-4.315617108585981243e-05
3.162730823863639518e-04
6.982051964962016077e-05
1.536667949021477964e-04
-8.107194996843578028e-05
-5.101675939078384459e-05
7.552329940025206967e-05
1.585989287405317749e-04
8.847015072601174812e-05
-1.556704742739986602e-05
3.853229561236182210e-06
-2.897628630050413934e-05
8.415453361742403215e-05
4.269378353851174812e-05
-3.699100378787983923e-06
2.239497020991160214e-04
-3.714513297032803751e-05
1.243822502367437910e-04
-1.456520774147720965e-04
-1.034206814236118821e-04
-5.856908933080801072e-05
7.151594065656421972e-05
-3.067170730744819829e-05
-3.230547664141401876e-04
1.427236229482320429e-04
1.578282828282838446e-04
-1.695421006944058950e-06
-3.495649857954558071e-04
2.367424242424240322e-04
2.792820785984841125e-04
-3.617411912089640857e-04
-1.376373599273998660e-04
-2.527718592171615541e-05
-2.096156881313121501e-04
1.849550189392257238e-06
-1.319345801767679571e-04
4.223139599116021436e-05
2.170138888888881179e-04
-1.783274640940642197e-04
-3.253667041508839786e-04
-6.920400291982389818e-05
-1.680008088699586066e-05
-1.069656526199481983e-04
1.775568181818197588e-04
-2.614030934343439250e-04
-3.555760239109841125e-04
-7.244071575126381779e-05
-2.544672802241160214e-04
2.114652383207078767e-04
2.452195292771477964e-04
1.291602548926761018e-04
-8.785363399621201608e-05
6.072689788510013398e-05
-1.017252604166782315e-05
9.093621764520026796e-06
7.860588304924235443e-05
4.361855863320717201e-05
-1.920449613320707985e-04
5.810670178345957371e-05
2.694178109217170770e-04
-8.415453361742416768e-05
-6.750858191287871437e-05
-7.706459122474737468e-05
-2.701884568339646278e-04
-4.870482165404040596e-05
-2.630985144412877671e-04
-2.413662997159091205e-04
-3.159648240214638689e-05
-5.363695549242414057e-05
2.071496212121213534e-04
-1.021876479640150201e-04
-1.971312243529040054e-04
1.584447995580808661e-04
-3.806990806502535876e-05
-1.310098050820711780e-05
2.099239464962122329e-04
1.266941879734849799e-04
1.154427576546717456e-04
1.772485598169188086e-05
-7.244071575126267938e-05
1.690797131470959404e-04
-8.461692116477274699e-05
-1.100482362689394859e-04
1.649182252209594043e-05
1.488887902462121787e-04
-8.153433751578276038e-05
-8.754537563131312584e-05
-1.283896089804291473e-04
-1.612191248421717456e-04
2.664893564551767523e-04
-1.957440617108587282e-05
1.299309008049243032e-04
-8.446279198232319345e-05
4.326406151357323681e-04
-2.097698173137626794e-04
-1.606026081123736941e-04
2.281111900252535876e-05
9.771790167297986478e-05
2.352011324179292015e-04
-1.499676945233585385e-04
-4.283249980271464953e-04
7.660220367739899866e-05
-3.806990806502535876e-05
1.060408775252525033e-04
7.259484493371223292e-05
3.267538667929293641e-05
-3.253667041508837075e-04
-1.585989287405304739e-04
6.642967763573225971e-05
2.604783183396462785e-05
9.201512192234860641e-05
3.076418481691919893e-04
1.397951684816918809e-04
-1.112812697285353722e-04
-9.663899739583336947e-05
-1.017252604166666305e-04
-1.545915699968434913e-04
-3.341520675505050067e-04
2.068413628472222463e-04
-1.610649956597222463e-04
-2.654104521780304739e-04
2.362800366950759678e-04
-1.454979482323232477e-04
7.151594065656552077e-05
-1.077362985321967791e-04
1.684631964172979973e-04
1.687714547821967791e-04
-2.598618016098484980e-04
1.371749723800500670e-05
1.935862531565655208e-04
-6.118928543244949933e-05
-6.612141927083326105e-05
5.040024266098476306e-05
-2.126982717803047387e-05
2.355093907828283628e-04
4.469746291035372153e-06
-1.749366220801767523e-04
3.581962200126262517e-04
-6.088102706755050067e-05
2.381295868844695261e-04
4.354149404198232477e-04
3.221299913194443842e-04
1.926614780618687416e-04
3.916422526041668474e-04
4.708646523832070094e-04
3.748421717171715288e-04
4.577636718750000000e-05
3.136528862847220295e-04
5.662706163194444926e-04
6.584398674242424900e-04
2.527718592171715288e-04
4.027395537405304739e-04
3.232088955965909879e-04
6.572068339646460616e-04
2.871426669034090121e-04
3.631283538510100134e-04
-9.540596393623704957e-05
3.205886994949490656e-04
4.614627722537879839e-04
4.038184580176769692e-04
3.771541094539140188e-04
6.884950580018939920e-04
4.415801077178021367e-04
4.841197620738639518e-04
3.313777422664192229e-05
2.298066110321961286e-04
4.238552517361188210e-05
3.794660471906560750e-04
3.064088147095959946e-04
3.565007990056819759e-04
5.858450224905300402e-04
2.883757003630058741e-04
9.571422230113604823e-05
6.242231889204592765e-05
2.990106139520200268e-04
2.390543619791660884e-04
1.234574751420459277e-04
2.009844539141419223e-04
8.276737097537810450e-05
1.676925505050500670e-04
3.279869002525259009e-04
2.663352272727279035e-04
-1.330134844539140188e-04
9.401880129419892818e-06
3.022473267834599464e-04
1.413364603061861152e-04
-9.093621764520026796e-06
-9.232338028724793033e-05
-1.115895280934340456e-04
-1.393327809343439250e-04
3.030179726957078767e-04
-1.340923887310600804e-04
1.200666331281560750e-04
-4.053597498421789014e-05
5.656540995896408575e-05
1.043454565183080107e-04
1.097399779040400536e-04
-1.525878906250000000e-05
-3.452493686868611522e-05
-1.417988478535359143e-04
-3.887137981376260348e-04
-1.495053069760013398e-05
5.826083096590987942e-05
-2.723462653882579437e-04
-3.853229561237396517e-05
-2.424452039930559410e-04
-1.502759528882579437e-04
3.529558278093404555e-05
-1.618356415719699598e-04
1.072739109848480643e-04
1.854174064867420563e-04
1.599860913825759678e-04
-3.845523102114899866e-04
-2.099239464962120161e-04
6.165167297979799732e-05
-1.707751341540400536e-04
-3.486402107007579437e-04
-2.569333471433080107e-04
-3.296823212594699598e-04
3.745339133522790354e-05
-2.948491260258839786e-04
-1.265400587910359143e-04
1.310098050820700938e-04
3.483319523358598124e-05
1.061950067077020027e-04
1.766320430871218955e-04
1.017252604166660884e-04
-1.290061257102279035e-04
-3.477154356060600804e-04
-1.211455374053021367e-04
-2.849848583491160214e-04
-9.802616003787810450e-05
7.305723248106008039e-05
-1.078904277146460616e-04
4.469746291035914254e-06
-6.257644807449412594e-05
-1.721622967960859812e-04
-1.801770142834599464e-04
-4.438920454545407235e-05
-1.827972103851001340e-04
2.037587791982320429e-04
-2.251827355587120161e-04
-1.616815123895200268e-04
4.361855863320787674e-05
-8.939492582070787674e-05
-1.567493785511360482e-04
3.153483072916660884e-04
-2.896087338226018687e-04
-3.930294152462189550e-05
-4.408094618055594105e-05
-1.777109473642679571e-04
8.785363399621201608e-05
1.823348228377520697e-04
5.718192668876208307e-05
-1.373291015625000000e-04
2.390543619791667932e-04
1.872669566761363735e-04
-1.313180634469695803e-04
2.410580413510101218e-04
-1.988266453598487148e-05
9.818028922032825435e-05
-1.256152836963382678e-04
-1.226868292297981057e-04
5.702779750631312584e-06
-1.112812697285354264e-04
-4.284791272095956694e-05
5.440760140467174565e-05
3.082583648989932392e-06
-6.812509864267680655e-05
-2.259533814709596211e-04
8.461692116477273343e-05
4.053597498421716372e-04
-4.546810882260094713e-05
2.077661379419192423e-04
2.942326092960857644e-04
2.829811789772727470e-04
6.407150114425507175e-04
7.692587496054296894e-04
1.147337634154040921e-03
5.446925307765150201e-04
1.034515072601010013e-03
1.410590277777777971e-03
8.216626716382579437e-04
7.903744476010100134e-04
7.654055200441919893e-04
4.320240984059340456e-04
5.117088857323204287e-05
-4.377268781565607503e-05
-3.360016177398998660e-05
1.818724352904005359e-05
3.421667850378798392e-05
1.387162642045407235e-05
-3.059464271622479303e-04
-4.670114228219612862e-05
9.679312657828210986e-05
-3.347685842803038714e-04
1.942027698863604823e-05
-6.458012744633805091e-05
7.059116556186809111e-05
1.081986860795459277e-04
-1.012628728693180241e-04
-5.064684935290400536e-04
2.874509252683080107e-04
-6.550490254103591425e-05
-1.545915699968439250e-04
-2.651021938131315633e-05
2.620196101641411701e-05
1.649182252209593704e-05
-6.781684027777775368e-05
-6.011038115530250258e-06
-2.250286063762631266e-05
2.543131510416673895e-05
7.244071575126267938e-05
3.991945825441914065e-05
-1.781733349116162654e-04
-1.982101286300505007e-04
-2.820564038825751005e-05
3.344603259154040054e-04
3.255208333333332611e-04
1.373291015625000000e-04
-2.866802793560600804e-05
3.162730823863636265e-04
-9.078208846275261177e-05
-3.503356317077019485e-04
-1.394869101167929093e-04
5.995625197285358600e-05
1.276189630681818133e-04
2.621737393465909337e-04
4.851986663510101218e-04
2.473773378314394859e-04
3.555760239109849799e-04
3.101079150883837617e-04
4.710187815656569424e-04
7.006712634154040054e-04
-8.353801688762646852e-05
4.241635101010100134e-04
1.962064492582070094e-04
2.581663806029035717e-04
1.465768525094699598e-04
9.432705965909098794e-05
-3.281410294349745328e-04
1.479640151515150201e-05
1.741659761679290389e-04
-4.593049636994906565e-05
-1.750907512626264685e-04
2.318102904040404873e-04
4.099836253156595445e-05
-1.493511777935600804e-04
1.393327809343430576e-04
-3.215134745896464953e-04
1.700044882417925569e-04
1.892706360479799732e-04
-1.350171638257570764e-04
-2.422910748106060080e-04
1.320887093592170228e-04
-1.892706360479798919e-04
-3.683687460542930990e-05
-1.327052260890152098e-04
1.929697364267676319e-04
-5.641128077651518273e-05
3.720678464330807577e-04
7.244071575126267938e-05
1.889623776830808661e-04
1.448814315025261177e-05
-2.446030125473485522e-04
-7.860588304924276100e-06
-5.240392203282822725e-05
-1.359419389204545331e-04
-6.257644807449497975e-05
-5.872321851325749650e-05
1.609108664772727199e-04
-3.998110992739898782e-04
8.800776317866173225e-05
-9.694725576073231392e-05
1.750907512626263059e-04
1.394869101167928280e-04
1.340923887310604870e-04
6.359370067866160214e-04
1.014324149700126252e-03
8.868593158143944256e-04
1.200049814551767957e-03
1.525878906250000434e-03
1.012166341145833044e-03
1.039293077256944059e-03
6.815592447916669558e-04
7.196291528566919893e-04
5.867697975852279035e-04
3.281410294349740991e-04
5.086263020833391157e-05
3.974991615372479303e-04
-8.045543323863604823e-05
1.741659761679299062e-04
1.975936119002520697e-04
7.444439512310600804e-05
-1.243822502367420563e-04
1.726246843434392497e-05
1.667677754103539384e-04
-3.791577888257596785e-05
1.454979482323238982e-04
9.201512192234806431e-05
-1.542833116319440590e-04
7.213245738636395177e-05
-2.512305673926795713e-05
8.384627525252590086e-05
-4.190772470801761018e-04
-7.382787839330813269e-05
-1.387162642045454940e-04
8.908666745580811914e-05
-9.324815538194449263e-05
-4.312534524936869826e-04
7.167006983901502010e-05
-1.869586983112374833e-04
-2.553920553188130174e-04
4.161487926136373493e-05
-8.954905500315650871e-05
-9.340228456439377512e-05
2.268781565656565087e-04
-5.749018505366173225e-05
1.117436572758837617e-04
-2.635609019886364819e-04
4.153781467013887684e-04
-2.419828164457074431e-05
-1.139014658301767523e-04
1.997514204545454940e-04
-4.568388967803030040e-04
1.069656526199494993e-04
-4.098294961332070094e-04
-1.152886284722222463e-04
2.236414437342170228e-04
3.225923788667927738e-04
1.291602548926767523e-04
7.741908834438132343e-04
7.885248974116160214e-04
1.564411201862372664e-04
8.292150015782825435e-05
1.493511777935605141e-04
1.402575560290400536e-05
-1.931238656092172396e-04
-8.384627525252535876e-05
1.302391591698232477e-04
-6.596729008838376172e-05
-1.037289397885100134e-04
6.596729008838387014e-05
-5.826083096590912048e-05
3.868642479482324766e-05
1.155968868371211366e-04
-3.313777422664138019e-05
3.899468315972224632e-05
-2.154725970643939920e-04
-4.238552517361101474e-05
9.941332267992435742e-05
2.261075106534090121e-04
7.305723248106073091e-05
-3.404713640309344792e-04
1.880376025883837617e-05
-5.240392203282823403e-05
1.011087436868686874e-04
2.933078342013889853e-04
-1.641475793087122600e-04
2.345846156881312855e-04
-7.382787839330811914e-05
3.622035787563131258e-05
-2.512305673926765897e-04
-6.350122316919186731e-05
2.296524818497465480e-05
2.845224708017676319e-04
2.259533814709596211e-04
-2.795903369633837617e-04
1.800228851010100134e-04
-7.583155776515144780e-05
1.146721117424241948e-04
3.076418481691919893e-04
3.557301530934343708e-04
1.357878097380050067e-04
-2.304231277619949933e-04
9.463531802398998660e-05
3.221299913194444926e-04
3.452493686868687416e-04
3.544971196338376172e-05
5.597971906565659544e-04
7.697211371527775368e-04
1.252761994949494993e-03
7.939194187973489317e-04
6.983593256786610817e-04
8.578830295138889853e-04
9.347934915561861152e-04
4.472828874684349129e-04
4.492865668402779705e-04
2.660269689078280375e-04
-1.125143031881388478e-05
-4.263213186553021367e-04
1.656888711332078767e-04
-1.347089054608580777e-04
2.065331044823238982e-04
1.974394827178038714e-04
3.113409485479799732e-05
-1.115895280934340456e-04
-4.839656328914192229e-05
4.022771661931802412e-05
-2.774325284090987942e-05
-8.816189236111188210e-05
9.571422230113604823e-05
-4.036643288352279035e-04
8.954905500315607503e-05
-3.082583648989986602e-06
-1.894247652304292015e-04
7.089942392676779450e-06
-2.600159307922981057e-04
7.567742858270189426e-05
2.154725970643940733e-04
2.399791370738636265e-04
-2.441406250000000000e-04
6.935813210227273343e-05
3.544971196338281305e-06
8.091782078598492569e-05
-2.264157690183080920e-04
1.339382595486110147e-04
-9.879680595012630588e-05
7.598568694760096068e-05
8.446279198232320700e-05
-9.078208846275263887e-05
1.633769333964646007e-04
5.271218039772728012e-05
1.048078440656556142e-05
-9.509770557133828130e-05
-2.920748007417927738e-04
1.029582938762626794e-04
1.000298394097221921e-04
2.313479028566919893e-04
2.988564847695707985e-04
5.918560606060607309e-04
3.987321949968432745e-04
1.928156072443182410e-04
2.120817550505050067e-04
3.601998993844695261e-04
9.787203085542903885e-05
6.550490254103548057e-05
8.492517952967196249e-05
1.006463561395200268e-04
-1.401034268465909879e-04
-1.727788135258835449e-04
-2.188634390782829772e-04
-8.785363399621223292e-05
-4.747178819444449263e-05
1.334758720012627336e-04
1.843385022095959946e-04
1.763237847222220295e-04
2.743499447601001340e-05
-3.141152738320709611e-04
2.227166686395200268e-04
1.445731731376264685e-04
-8.507930871212146182e-05
1.475016276041669558e-04
-1.846467605744949933e-04
-4.438920454545450603e-05
-1.414905894886363735e-04
7.167006983901507431e-05
4.947546756628780774e-05
1.567493785511363735e-04
5.502411813446963455e-05
1.314721926294191339e-04
5.021528764204545060e-04
1.217620541351010013e-04
-7.105355310921723962e-05
2.775866575915403789e-04
-2.358176491477272530e-04
-1.475016276041667389e-04
-2.496892755681817590e-04
-1.347089054608585114e-04
-1.160592743844696345e-04
9.293989701704543976e-05
-1.972853535353542636e-05
-3.930294152462129919e-05
-1.735494594381312855e-04
1.083528152619949662e-04
5.394521385732286818e-06
2.327350654987366701e-05
-1.111271405460858186e-04
2.540048926767676319e-04
4.574554135101010013e-04
8.899418994633839786e-04
1.167220298690025033e-03
5.069308810763885516e-04
5.727440419823230308e-04
5.426888514046719625e-04
1.570576369160350469e-04
2.651021938131310415e-04
-2.265698982007596785e-05
2.544672802241160214e-04
3.672898417771469290e-04
2.923830591066919893e-04
-1.937403823390150201e-04
1.294685132575759678e-04
7.644807449494993301e-05
1.644558376736110147e-04
1.163675327493689585e-04
-2.025257457386360482e-04
5.486998895202002680e-05
3.082583648989986602e-07
6.165167297979973204e-07
-1.072739109848489317e-04
1.209914082228539384e-04
-2.345846156881310415e-04
9.818028922032803751e-05
7.552329940025033495e-06
-8.646647135416652211e-05
7.721872040719711795e-05
-1.336300011837122329e-04
1.789439808238636265e-04
-2.342763573232342384e-05
-1.604484789299241406e-04
-5.348282630997464124e-05
-1.667677754103535047e-04
1.727788135258837346e-04
-1.558246034564395130e-04
-1.026500355113636265e-04
-2.518470841224746412e-04
-1.188335996685605141e-04
-1.834137271148989987e-04
7.752697877209621148e-05
-2.897628630050507175e-04
-3.529558278093447923e-05
-4.423507536300500670e-05
4.351066820549242490e-04
1.467309816919191339e-04
1.524337614425507175e-04
1.838761146622473882e-04
1.562869910037880110e-04
3.945707070707079852e-05
-1.861880523989899053e-04
-1.006463561395200810e-04
9.109034682765166464e-05
7.151594065656557498e-05
-3.252125749684354550e-05
6.011038115530365454e-06
-6.427186908143948593e-05
-2.222542810921716914e-04
-2.348928740530304739e-04
-2.137771760574494993e-04
-9.710138494318175904e-05
-6.319296480429255694e-06
5.471585976957074431e-05
-6.396361071654048727e-05
-3.575797032828276038e-05
2.387461036142675234e-04
-1.880376025883837617e-04
-1.063491358901515020e-04
-1.387162642045450603e-05
1.556704742739899866e-04
-3.719137172506310415e-04
1.547456991792927738e-04
-8.322975852272746985e-06
3.005519057765150201e-05
-6.118928543244949933e-05
2.651021938131323426e-05
-1.931238656092172667e-04
-1.297767716224746141e-04
1.604484789299243845e-04
6.519664417613635994e-05
5.517824731691914065e-05
-1.923532196969698785e-04
-9.417293047664159703e-05
2.543131510416652211e-05
2.378213285195707985e-04
-1.884999901357325308e-04
-5.687366832386362651e-05
-5.933973524305550737e-05
-1.641475793087120161e-04
2.604783183396462785e-05
-3.005519057765154538e-04
-3.005519057765161043e-05
8.400040443497464124e-05
-2.866802793560622488e-05
-9.016557173295450603e-05
-8.199672506313114995e-05
-3.668274542297986478e-05
9.016557173295450603e-05
3.279869002525253588e-04
2.643315479008837617e-04
8.142644708806818675e-04
5.802963719223480643e-04
6.757023358585859812e-04
2.905335089172979973e-04
-1.957440617108585114e-04
4.901308001893935583e-04
4.685527146464649531e-05
-1.180629537563130174e-04
-1.356336805555550737e-05
-1.364043264678030040e-04
-1.612191248421719625e-04
-2.330433238636364819e-04
2.370506826073234645e-04
-4.885895083648998660e-05
1.404116852114899866e-04
-2.200964725378789719e-04
1.240739918718434913e-04
9.864267676767523446e-06
2.373589409722220295e-04
1.818724352904005359e-05
1.028041646938130174e-04
-1.018793895991164551e-04
-5.178740530303004019e-05
2.458360460069444926e-04
-8.754537563131301742e-05
1.949734157986110147e-04
-2.483021129261363735e-04
-2.157808554292920148e-05
-5.240392203282825435e-05
-1.538209240845961573e-04
3.282951586174259837e-05
3.714513297032825435e-05
-1.649182252209615727e-05
-7.305723248106078512e-05
-1.245363794191918809e-04
4.569930259627523949e-04
1.864963107638889853e-04
1.777109473642674963e-04
-8.723711726641433047e-05
-8.893253827335838942e-05
1.046537148832071720e-04
3.187391493055556158e-04
-5.086263020833347789e-05
1.279272214330811914e-05
1.949734157986109605e-04
3.336896800031565087e-04
1.761696555397727470e-04
2.421369456281565087e-04
1.199125039457072262e-04
1.159051452020200268e-04
-3.498732441603548057e-05
-2.597076724273989987e-04
2.137771760574492825e-04
2.389002327967174565e-05
-3.249043166035352637e-04
-4.069010416666652211e-05
-1.427236229482324766e-04
-4.423507536300522354e-05
-1.644558376736110147e-04
-9.895093513257564258e-05
-3.230547664141415970e-04
1.975936119002526118e-04
-3.668274542297986478e-05
-1.180629537563129090e-04
1.504300820707071178e-04
-1.160592743844698514e-04
6.781684027777970525e-06
-3.452493686868687416e-04
1.109730113636362651e-05
1.356336805555550737e-05
5.872321851325764557e-05
3.421667850378779419e-05
-4.654701309974738823e-05
-9.278576783459599464e-05
-1.481181443339646007e-04
4.300204190340909337e-05
-7.290310329861101474e-05
-3.486402107007572932e-04
-3.364640052872473882e-04
2.270322857481058996e-04
6.319296480429282799e-05
-1.593695746527778079e-04
-3.236712831439485932e-06
-6.442599826388898526e-05
7.244071575126273359e-05
-1.897330235953282544e-04
0.000000000000000000e+00
2.131606593276513936e-04
-9.802616003787864660e-05
1.112812697285353722e-04
-2.060707169349746412e-04
1.602943497474738823e-05
2.401332662563131258e-04
2.398250078914141814e-04
4.309451941287879839e-04
6.396361071654037885e-05
3.278327710700759136e-04
1.401034268465908795e-04
-7.259484493371223292e-05
2.399791370738636265e-04
1.402575560290403789e-04
-7.274897411616173225e-05
-8.739124644886362651e-05
-7.444439512310600804e-05
-2.313479028566918809e-04
-1.142097241950758594e-04
1.140555950126267938e-05
-1.775568181818181867e-04
2.170138888888889853e-04
-1.664595170454543976e-05
-6.211406052714644110e-05
-5.718192668876267938e-05
-2.282653192077019214e-04
-2.422910748106059267e-04
-3.020931976010094713e-05
-6.982051964962129919e-05
-7.089942392676806555e-06
1.157510160195707985e-04
-1.451896898674241406e-04
2.512305673926768608e-05
3.606622869318181325e-05
-3.390842013888985262e-06
3.991945825441913388e-05
1.459603357796717728e-04
-1.863421815814394859e-04
-3.922587693339647363e-04
