1.145242469999999750e+15
1.145242518979591250e+15
1.145242567959183500e+15
1.145242616938775500e+15
1.145242665918367000e+15
1.145242714897959000e+15
1.145242763877551000e+15
1.145242812857143000e+15
1.145242861836734000e+15
1.145242910816326000e+15
1.145242959795918000e+15
1.145243008775510000e+15
1.145243057755102000e+15
1.145243106734694000e+15
1.145243155714286000e+15
1.145243204693876000e+15
1.145243253673468000e+15
1.145243302653060000e+15
1.145243351632652000e+15
1.145243400612244000e+15
1.145243449591836000e+15
1.145243498571428000e+15
1.145243547551020000e+15
1.145243596530612000e+15
1.145243645510204000e+15
1.145243694489796000e+15
1.145243743469388000e+15
1.145243792448980000e+15
1.145243841428572000e+15
1.145243890408164000e+15
1.145243939387756000e+15
1.145243988367348000e+15
1.145244037346936000e+15
1.145244086326528000e+15
1.145244135306120000e+15
1.145244184285712000e+15
1.145244233265304000e+15
1.145244282244896000e+15
1.145244331224488000e+15
1.145244380204080000e+15
1.145244429183672000e+15
1.145244478163264000e+15
1.145244527142856000e+15
1.145244576122448000e+15
1.145244625102040000e+15
1.145244674081632000e+15
1.145244723061224000e+15
1.145244772040816000e+15
1.145244821020408000e+15
1.145244870000000000e+15
1.145264097000000000e+15
1.145264145979592000e+15
1.145264194959184000e+15
1.145264243938776000e+15
1.145264292918367000e+15
1.145264341897959000e+15
1.145264390877551000e+15
1.145264439857143000e+15
1.145264488836734000e+15
1.145264537816326000e+15
1.145264586795918000e+15
1.145264635775510000e+15
1.145264684755102000e+15
1.145264733734694000e+15
1.145264782714286000e+15
1.145264831693878000e+15
1.145264880673468000e+15
1.145264929653060000e+15
1.145264978632652000e+15
1.145265027612244000e+15
1.145265076591836000e+15
1.145265125571428000e+15
1.145265174551020000e+15
1.145265223530612000e+15
1.145265272510204000e+15
1.145265321489796000e+15
1.145265370469388000e+15
1.145265419448980000e+15
1.145265468428572000e+15
1.145265517408164000e+15
1.145265566387756000e+15
1.145265615367344000e+15
1.145265664346936000e+15
1.145265713326528000e+15
1.145265762306120000e+15
1.145265811285712000e+15
1.145265860265304000e+15
1.145265909244896000e+15
1.145265958224488000e+15
1.145266007204080000e+15
1.145266056183672000e+15
1.145266105163264000e+15
1.145266154142856000e+15
1.145266203122448000e+15
1.145266252102040000e+15
1.145266301081632000e+15
1.145266350061224000e+15
1.145266399040816000e+15
1.145266448020408000e+15
1.145266497000000000e+15
1.145257095000000000e+15
1.145257143979592000e+15
1.145257192959184000e+15
1.145257241938776000e+15
1.145257290918367000e+15
1.145257339897959000e+15
1.145257388877551000e+15
1.145257437857143000e+15
1.145257486836734000e+15
1.145257535816326000e+15
1.145257584795918000e+15
1.145257633775510000e+15
1.145257682755102000e+15
1.145257731734694000e+15
1.145257780714286000e+15
1.145257829693878000e+15
1.145257878673468000e+15
1.145257927653060000e+15
1.145257976632652000e+15
1.145258025612244000e+15
1.145258074591836000e+15
1.145258123571428000e+15
1.145258172551020000e+15
1.145258221530612000e+15
1.145258270510204000e+15
1.145258319489796000e+15
1.145258368469388000e+15
1.145258417448980000e+15
1.145258466428572000e+15
1.145258515408164000e+15
1.145258564387756000e+15
1.145258613367344000e+15
1.145258662346936000e+15
1.145258711326528000e+15
1.145258760306120000e+15
1.145258809285712000e+15
1.145258858265304000e+15
1.145258907244896000e+15
1.145258956224488000e+15
1.145259005204080000e+15
1.145259054183672000e+15
1.145259103163264000e+15
1.145259152142856000e+15
1.145259201122448000e+15
1.145259250102040000e+15
1.145259299081632000e+15
1.145259348061224000e+15
1.145259397040816000e+15
1.145259446020408000e+15
1.145259495000000000e+15
1.145271561000000000e+15
1.145271609979592000e+15
1.145271658959184000e+15
1.145271707938776000e+15
1.145271756918367000e+15
1.145271805897959000e+15
1.145271854877551000e+15
1.145271903857143000e+15
1.145271952836734000e+15
1.145272001816326000e+15
1.145272050795918000e+15
1.145272099775510000e+15
1.145272148755102000e+15
1.145272197734694000e+15
1.145272246714286000e+15
1.145272295693878000e+15
1.145272344673468000e+15
1.145272393653060000e+15
1.145272442632652000e+15
1.145272491612244000e+15
1.145272540591836000e+15
1.145272589571428000e+15
1.145272638551020000e+15
1.145272687530612000e+15
1.145272736510204000e+15
1.145272785489796000e+15
1.145272834469388000e+15
1.145272883448980000e+15
1.145272932428572000e+15
1.145272981408164000e+15
1.145273030387756000e+15
1.145273079367344000e+15
1.145273128346936000e+15
1.145273177326528000e+15
1.145273226306120000e+15
1.145273275285712000e+15
1.145273324265304000e+15
1.145273373244896000e+15
1.145273422224488000e+15
1.145273471204080000e+15
1.145273520183672000e+15
1.145273569163264000e+15
1.145273618142856000e+15
1.145273667122448000e+15
1.145273716102040000e+15
1.145273765081632000e+15
1.145273814061224000e+15
1.145273863040816000e+15
1.145273912020408000e+15
1.145273961000000000e+15
1.145285961000000000e+15
1.145286009979592000e+15
1.145286058959184000e+15
1.145286107938776000e+15
1.145286156918367000e+15
1.145286205897959000e+15
1.145286254877551000e+15
1.145286303857143000e+15
1.145286352836734000e+15
1.145286401816326000e+15
1.145286450795918000e+15
1.145286499775510000e+15
1.145286548755102000e+15
1.145286597734694000e+15
1.145286646714286000e+15
1.145286695693878000e+15
1.145286744673468000e+15
1.145286793653060000e+15
1.145286842632652000e+15
1.145286891612244000e+15
1.145286940591836000e+15
1.145286989571428000e+15
1.145287038551020000e+15
1.145287087530612000e+15
1.145287136510204000e+15
1.145287185489796000e+15
1.145287234469388000e+15
1.145287283448980000e+15
1.145287332428572000e+15
1.145287381408164000e+15
1.145287430387756000e+15
1.145287479367344000e+15
1.145287528346936000e+15
1.145287577326528000e+15
1.145287626306120000e+15
1.145287675285712000e+15
1.145287724265304000e+15
1.145287773244896000e+15
1.145287822224488000e+15
1.145287871204080000e+15
1.145287920183672000e+15
1.145287969163264000e+15
1.145288018142856000e+15
1.145288067122448000e+15
1.145288116102040000e+15
1.145288165081632000e+15
1.145288214061224000e+15
1.145288263040816000e+15
1.145288312020408000e+15
1.145288361000000000e+15
1.145300322000000000e+15
1.145300370979592000e+15
1.145300419959184000e+15
1.145300468938776000e+15
1.145300517918367000e+15
1.145300566897959000e+15
1.145300615877551000e+15
1.145300664857143000e+15
1.145300713836734000e+15
1.145300762816326000e+15
1.145300811795918000e+15
1.145300860775510000e+15
1.145300909755102000e+15
1.145300958734694000e+15
1.145301007714286000e+15
1.145301056693878000e+15
1.145301105673468000e+15
1.145301154653060000e+15
1.145301203632652000e+15
1.145301252612244000e+15
1.145301301591836000e+15
1.145301350571428000e+15
1.145301399551020000e+15
1.145301448530612000e+15
1.145301497510204000e+15
1.145301546489796000e+15
1.145301595469388000e+15
1.145301644448980000e+15
1.145301693428572000e+15
1.145301742408164000e+15
1.145301791387756000e+15
1.145301840367344000e+15
1.145301889346936000e+15
1.145301938326528000e+15
1.145301987306120000e+15
1.145302036285712000e+15
1.145302085265304000e+15
1.145302134244896000e+15
1.145302183224488000e+15
1.145302232204080000e+15
1.145302281183672000e+15
1.145302330163264000e+15
1.145302379142856000e+15
1.145302428122448000e+15
1.145302477102040000e+15
1.145302526081632000e+15
1.145302575061224000e+15
1.145302624040816000e+15
1.145302673020408000e+15
1.145302722000000000e+15
1.145314680000000000e+15
1.145314728979592000e+15
1.145314777959184000e+15
1.145314826938776000e+15
1.145314875918367000e+15
1.145314924897959000e+15
1.145314973877551000e+15
1.145315022857143000e+15
1.145315071836734000e+15
1.145315120816326000e+15
1.145315169795918000e+15
1.145315218775510000e+15
1.145315267755102000e+15
1.145315316734694000e+15
1.145315365714286000e+15
1.145315414693878000e+15
1.145315463673468000e+15
1.145315512653060000e+15
1.145315561632652000e+15
1.145315610612244000e+15
1.145315659591836000e+15
1.145315708571428000e+15
1.145315757551020000e+15
1.145315806530612000e+15
1.145315855510204000e+15
1.145315904489796000e+15
1.145315953469388000e+15
1.145316002448980000e+15
1.145316051428572000e+15
1.145316100408164000e+15
1.145316149387756000e+15
1.145316198367344000e+15
1.145316247346936000e+15
1.145316296326528000e+15
1.145316345306120000e+15
1.145316394285712000e+15
1.145316443265304000e+15
1.145316492244896000e+15
1.145316541224488000e+15
1.145316590204080000e+15
1.145316639183672000e+15
1.145316688163264000e+15
1.145316737142856000e+15
1.145316786122448000e+15
1.145316835102040000e+15
1.145316884081632000e+15
1.145316933061224000e+15
1.145316982040816000e+15
1.145317031020408000e+15
1.145317080000000000e+15
1.145329077000000000e+15
1.145329125979592000e+15
1.145329174959184000e+15
1.145329223938776000e+15
1.145329272918367000e+15
1.145329321897959000e+15
1.145329370877551000e+15
1.145329419857143000e+15
1.145329468836734000e+15
1.145329517816326000e+15
1.145329566795918000e+15
1.145329615775510000e+15
1.145329664755102000e+15
1.145329713734694000e+15
1.145329762714286000e+15
1.145329811693878000e+15
1.145329860673468000e+15
1.145329909653060000e+15
1.145329958632652000e+15
1.145330007612244000e+15
1.145330056591836000e+15
1.145330105571428000e+15
1.145330154551020000e+15
1.145330203530612000e+15
1.145330252510204000e+15
1.145330301489796000e+15
1.145330350469388000e+15
1.145330399448980000e+15
1.145330448428572000e+15
1.145330497408164000e+15
1.145330546387756000e+15
1.145330595367344000e+15
1.145330644346936000e+15
1.145330693326528000e+15
1.145330742306120000e+15
1.145330791285712000e+15
1.145330840265304000e+15
1.145330889244896000e+15
1.145330938224488000e+15
1.145330987204080000e+15
1.145331036183672000e+15
1.145331085163264000e+15
1.145331134142856000e+15
1.145331183122448000e+15
1.145331232102040000e+15
1.145331281081632000e+15
1.145331330061224000e+15
1.145331379040816000e+15
1.145331428020408000e+15
1.145331477000000000e+15
1.145199606000000250e+15
1.145199630000000250e+15
1.145199654000000500e+15
1.145199678000000000e+15
1.145199702000000000e+15
1.145199726000000000e+15
1.145199750000000000e+15
1.145199774000001000e+15
1.145199798000000000e+15
1.145199822000000000e+15
1.145199846000000000e+15
1.145199870000000000e+15
1.145199894000000000e+15
1.145199918000000000e+15
1.145199942000000000e+15
1.145199966000002000e+15
1.145199990000000000e+15
1.145200014000000000e+15
1.145200038000000000e+15
1.145200062000000000e+15
1.145200086000000000e+15
1.145200110000000000e+15
1.145200134000000000e+15
1.145200158000000000e+15
1.145200182000000000e+15
1.145200206000000000e+15
1.145200230000000000e+15
1.145200254000000000e+15
1.145200278000000000e+15
1.145200302000000000e+15
1.145200326000000000e+15
1.145200350000004000e+15
1.145200374000000000e+15
1.145200398000000000e+15
1.145200422000000000e+15
1.145200446000000000e+15
1.145200470000000000e+15
1.145200494000000000e+15
1.145200518000000000e+15
1.145200542000000000e+15
1.145200566000000000e+15
1.145200590000000000e+15
1.145200614000000000e+15
1.145200638000000000e+15
1.145200662000000000e+15
1.145200686000000000e+15
1.145200710000000000e+15
1.145200734000000000e+15
1.145200758000000000e+15
1.145200782000000000e+15
1.145200806000000000e+15
1.145184309000000000e+15
1.145184339000000000e+15
1.145184369000000000e+15
1.145184399000000000e+15
1.145184429000000000e+15
1.145184459000000000e+15
1.145184489000000000e+15
1.145184519000000000e+15
1.145184549000000000e+15
1.145184579000000000e+15
1.145184609000000000e+15
1.145184639000000000e+15
1.145184669000000000e+15
1.145184699000000000e+15
1.145184729000000000e+15
1.145184759000000000e+15
1.145184789000000000e+15
1.145184819000000000e+15
1.145184849000000000e+15
1.145184879000000000e+15
1.145184909000000000e+15
1.145184939000000000e+15
1.145184969000000000e+15
1.145184999000000000e+15
1.145185029000000000e+15
1.145185059000000000e+15
1.145185089000000000e+15
1.145185119000000000e+15
1.145185149000000000e+15
1.145185179000000000e+15
1.145185209000000000e+15
1.145185239000000000e+15
1.145185269000000000e+15
1.145185299000000000e+15
1.145185329000000000e+15
1.145185359000000000e+15
1.145185389000000000e+15
1.145185419000000000e+15
1.145185449000000000e+15
1.145185479000000000e+15
1.145185509000000000e+15
1.145185539000000000e+15
1.145185569000000000e+15
1.145185599000000000e+15
1.145185629000000000e+15
1.145185659000000000e+15
1.145185689000000000e+15
1.145185719000000000e+15
1.145185749000000000e+15
1.145185779000000000e+15
1.145185809000000000e+15
1.145185839000000000e+15
1.145185869000000000e+15
1.145185899000000000e+15
1.145185929000000000e+15
1.145185959000000000e+15
1.145185989000000000e+15
1.145186019000000000e+15
1.145186049000000000e+15
1.145186079000000000e+15
1.145186109000000000e+15
1.145186139000000000e+15
1.145186169000000000e+15
1.145186199000000000e+15
1.145186229000000000e+15
1.145186259000000000e+15
1.145186289000000000e+15
1.145186319000000000e+15
1.145186349000000000e+15
1.145186379000000000e+15
1.145186409000000000e+15
1.145186439000000000e+15
1.145186469000000000e+15
1.145186499000000000e+15
1.145186529000000000e+15
1.145186559000000000e+15
1.145186589000000000e+15
1.145186619000000000e+15
1.145186649000000000e+15
1.145186679000000000e+15
1.145186709000000000e+15
1.145186739000000000e+15
1.145186769000000000e+15
1.145186799000000000e+15
1.145186829000000000e+15
1.145186859000000000e+15
1.145186889000000000e+15
1.145186919000000000e+15
1.145186949000000000e+15
1.145186979000000000e+15
1.145187009000000000e+15
1.145187039000000000e+15
1.145187069000000000e+15
1.145187099000000000e+15
1.145187129000000000e+15
1.145187159000000000e+15
1.145187189000000000e+15
1.145187219000000000e+15
1.145187249000000000e+15
1.145187279000000000e+15
1.145187309000000000e+15
1.145170989000000000e+15
1.145171019000000000e+15
1.145171049000000000e+15
1.145171079000000000e+15
1.145171109000000000e+15
1.145171139000000000e+15
1.145171169000000000e+15
1.145171199000000000e+15
1.145171229000000000e+15
1.145171259000000000e+15
1.145171289000000000e+15
1.145171319000000000e+15
1.145171349000000000e+15
1.145171379000000000e+15
1.145171409000000000e+15
1.145171439000000000e+15
1.145171469000000000e+15
1.145171499000000000e+15
1.145171529000000000e+15
1.145171559000000000e+15
1.145171589000000000e+15
