1.758613971748737754e-04
-6.889574455492420834e-05
5.034886626683507225e-05
-4.819105771254212229e-05
-9.643349181923398282e-05
-1.335272483954124312e-04
-1.778137001525672710e-04
-1.556704742739899053e-04
-9.011419533880474068e-05
8.590133101851850697e-05
1.163161563552188136e-04
4.849931607744099220e-05
4.197451402041243117e-05
-3.308639783249155386e-05
-5.651403356481497261e-06
1.997000440603955524e-04
2.679792718855218583e-04
4.604352443707911591e-04
4.426590119949494993e-04
6.238121777672558411e-04
8.189910991424661883e-04
9.899203624789559581e-04
1.375037813026094109e-03
1.599604031855008561e-03
1.742276278409090988e-03
1.741659761679292774e-03
1.776544333307028154e-03
1.781938854692760631e-03
1.561174489030934696e-03
1.221422394518097880e-03
9.888414582018094628e-04
6.531994752209587538e-04
5.230116924452854477e-04
3.482805759417080820e-04
3.519796763204960659e-04
2.705480915930133512e-04
2.412121705334599464e-04
2.529259883996212992e-04
1.830027159617000356e-04
9.484082360058931904e-05
1.460630885679719269e-04
1.644044612794613172e-04
6.982051964962131274e-05
-1.454979482323227327e-04
-2.285735775726001340e-04
-2.038615319865320072e-04
-1.709806397306399552e-04
-1.121546684290826434e-04
8.918942024410766339e-05
-1.089179555976435675e-05
-8.733987005471447653e-07
-3.735063854692753258e-05
-2.733224168771037767e-05
-7.655082728324880980e-06
7.706459122474731030e-06
2.620196101641398403e-06
1.253584017255893495e-05
8.338388770517680655e-05
9.427568326494115483e-05
5.831220736005900780e-05
1.371749723800509648e-05
7.079667113846803341e-05
1.619897707544192694e-04
1.689769603587964097e-04
2.748637087015994409e-04
2.166542541298400722e-04
1.705182521832912404e-04
1.523823850484006676e-04
2.378727049137204419e-04
4.711215343539562291e-04
5.428429805871211366e-04
6.344470913562709697e-04
7.564146510679713034e-04
8.679528027672557327e-04
7.873946167403196930e-04
6.032616201073230308e-04
4.787766170822813083e-04
4.513929990004209654e-04
2.904307561289983311e-04
1.965147076231060080e-04
2.659242161195286423e-04
2.794875841750840413e-04
1.251015197548400180e-04
-3.889193037142265463e-05
-1.004922269570706765e-04
-6.714894715382999102e-05
-7.372512560500862910e-05
4.690664785879603704e-05
1.616815123895200268e-04
7.922239977904063635e-05
-4.675251867634090494e-06
-7.223521017466275063e-05
-1.428263757365273723e-05
-1.412850839120338189e-05
-4.058735137836670850e-06
4.947546756628798392e-05
-8.266461818707919722e-05
-8.934354942655728469e-05
-2.332488294402357059e-04
-2.600673071864477762e-04
-1.558246034564394046e-04
-1.906064222958761287e-05
-4.875619804819024584e-05
-8.492517952967163723e-05
-5.307181515677594248e-05
5.291768597432665999e-05
-9.114172322180133512e-05
-1.332703664246633198e-04
-1.797146267361110961e-04
-8.579857823021884075e-05
-5.574338765256733197e-05
1.120005392466332830e-05
1.770430542403198285e-04
2.061734697232744159e-04
9.936194628577434812e-05
1.475530039983165721e-04
1.914798209964226614e-04
4.729197081492004964e-04
3.948789654356061707e-04
4.045377275357744159e-04
3.222841205018939378e-04
2.950032552083333153e-04
2.544159038299664052e-04
2.012927122790404873e-04
1.847495133627947408e-04
2.454250348537458278e-04
1.717512856428871808e-04
1.983128814183500856e-04
1.367639612268518358e-04
5.677091553556399417e-05
8.733987005471383405e-05
1.020848951757155030e-04
3.200749355534516019e-05
-5.127364136153200047e-05
-6.740582912457915657e-05
-2.435241082702031479e-05
3.596347590488216736e-05
4.135799729061449484e-05
1.142611005892256519e-04
-2.106432160143157512e-06
-1.983128814183500110e-05
-2.162946193707915995e-05
2.697260692866166110e-05
-1.911201862373733756e-05
-1.825917048085017502e-04
1.029582938762626116e-04
1.729329427083332611e-04
1.197583747632575778e-04
6.699481797138046458e-05
3.226437552609426475e-05
6.971776686132152455e-05
1.092262139625420884e-04
6.442599826388889039e-05
2.157808554292929635e-06
-1.275675866740320615e-04
-2.086395366424664052e-04
-2.016009706439394859e-04
-1.801256378893097880e-04
-9.350503735269365818e-05
-2.512305673926770302e-05
-4.104973892571549618e-05
3.241850470854382507e-05
5.784981981271047593e-05
1.335272483954124854e-04
1.292630076809764457e-04
2.076633851536195761e-04
3.321997645728115111e-04
4.645453559027776995e-04
4.671141756102691923e-04
3.974991615372472798e-04
4.244203920717591789e-04
3.842954282407406584e-04
5.016904888731061165e-04
4.061303957544191881e-04
2.996785070759680199e-04
1.197069983691076769e-04
-5.846633654250848680e-05
-6.591591369423399638e-05
-3.447356047453700717e-05
6.560765532933514679e-05
5.964799360795464833e-05
-1.695421006944348000e-06
6.678931239478304305e-07
1.988266453598483421e-05
2.013954650673399976e-05
-1.239198626893939920e-04
-2.018064762205386828e-04
-1.890137540772306721e-04
-6.504251499368683351e-05
5.898010048400667560e-05
6.581316090593433016e-05
-2.275974260837548838e-05
-5.230116924452859491e-05
1.628631694549659105e-05
3.144235321969689434e-05
8.477105034722217855e-05
1.171381786616155098e-05
-6.211406052714650886e-05
-4.007358743686932608e-06
7.079667113846801986e-05
1.000298394097222328e-04
-4.202589041456229139e-05
-1.536154185079969333e-05
-1.067087706492003744e-04
-4.120386810816496840e-05
-1.277217158564814524e-04
-1.150831228956228597e-04
-1.018793895991161705e-04
-4.726628261784519915e-06
1.584961759522306179e-04
2.822105330650253045e-04
4.210809264520202436e-04
4.018661550399832568e-04
4.500572127525253045e-04
4.799582741477274156e-04
7.452145971433080107e-04
7.706972886416244744e-04
7.901175656302607394e-04
5.215217770149410464e-04
4.811913076073230308e-04
3.872238827072810373e-04
3.759210759943180241e-04
2.530287411879209654e-04
1.827458339909513038e-04
1.197069983691079615e-04
1.785329696706649887e-04
3.241850470854368277e-05
5.784981981271034718e-05
-2.347901212647300961e-05
9.191236913404898085e-05
1.427749993423823097e-04
1.963605784406566442e-04
7.357099642255899425e-05
-1.597805858059766354e-05
-1.075307929555976635e-04
-3.663136902882999779e-05
-1.888082485006313397e-04
-1.312666870528199912e-04
-5.990487557870367158e-05
7.896551780829132172e-05
2.496892755681814948e-05
1.495053069760100303e-05
-4.207726680871213127e-05
-1.614246304187710239e-04
-1.659457531039562020e-04
-8.692885890151512852e-05
-1.161620271727693685e-04
-2.353038852062291388e-05
6.540214975273569238e-05
1.645072140677609292e-04
1.093289667508417682e-04
9.766652527882996391e-05
7.110492950336701852e-05
-4.742041180029460531e-05
-1.336300011837120974e-04
-8.410315722327440233e-05
-2.774325284090910354e-05
-1.089693319917929500e-04
-1.682576908406986649e-04
-1.126170559764310195e-04
5.831220736005884517e-05
6.303883562184338287e-05
1.279272214330807848e-04
1.290061257102273072e-04
2.325295599221380695e-04
1.630686750315656563e-04
2.054028238110270005e-04
3.591723715014730808e-04
4.918262211963383762e-04
5.596944378682659630e-04
4.678848215225168516e-04
3.199208063710016689e-04
1.661512586805555074e-04
8.220223063973007921e-06
4.716352982954535167e-05
-8.631234217171818491e-06
-3.961119988952031817e-05
-1.393841573284933244e-04
-1.373804779566498331e-04
-8.199672506313132614e-05
3.678549821127949712e-05
3.735063854692766133e-05
2.265185218066078125e-04
1.441621619844276681e-04
2.084340310658669914e-04
3.118547124894783043e-05
6.103515625000000000e-05
4.361855863320715168e-05
-9.006281894465489402e-05
-7.254346853956230494e-05
9.915644070917510716e-06
-7.942790535563976550e-05
-1.003380977746212450e-04
-1.417474714593855661e-04
4.007358743686837740e-06
-6.088102706755053455e-05
8.343526409932658545e-05
7.059116556186868742e-05
1.744742345328282815e-04
1.205803970696548940e-04
1.647127196443602887e-04
2.486617476851855780e-05
-1.386135114162457464e-04
-2.979317096748736399e-04
-1.130280671296296742e-05
8.420591001157404145e-05
1.799201323127103743e-04
6.401498711069026617e-05
1.409768255471380695e-04
1.857256648516414073e-04
4.521122685185183579e-05
5.034886626683500449e-05
2.529259883996211908e-04
4.156864050662879297e-04
4.197965165982744701e-04
2.927940702598906542e-04
3.251098221801346504e-04
4.012496383101852595e-04
3.350254662510521696e-04
2.377699521254209925e-04
2.278543080545033378e-04
2.190689446548821741e-04
1.990835273305976635e-04
1.229950875946969960e-04
7.238933935711283272e-05
-5.091400660248316870e-05
-1.523823850484006676e-04
-2.341222281407828417e-04
-1.154427576546716779e-04
-4.490296848695283713e-05
5.070850102588383626e-05
7.824624829019350910e-05
6.560765532933499772e-05
4.048459859006733197e-05
1.952302977693600244e-05
-5.471585976957081884e-05
3.550108835753364904e-05
1.592668218644781146e-04
-4.603324915824911134e-05
-3.000381418350164179e-05
-1.946137810395622643e-04
2.363314130892254960e-05
-1.055271135837542400e-04
-8.713436447811450161e-05
-8.769950481376263872e-05
-1.453951954440235509e-05
6.129203822074915200e-05
5.286630958017675234e-05
4.171763204966327240e-05
7.305723248106059538e-05
2.969555581860265330e-05
9.607385706018484951e-06
-3.329190340909096084e-05
3.467906605113631928e-05
7.629394531249994579e-05
1.217620541351006253e-05
7.295447969276061915e-06
-1.335786247895629309e-06
9.268301504629631487e-05
1.149803701073232612e-04
2.278029316603535047e-04
3.239795415088382678e-04
4.262185658670031752e-04
4.274515993265991698e-04
4.368534794560185205e-04
4.240093809185605683e-04
4.306369357638888226e-04
2.807206176346800359e-04
1.280813506155301757e-04
-6.257644807449499330e-05
5.805532538930996592e-06
3.842954282407415664e-05
1.791494864004629861e-04
1.220703125000000000e-04
7.475265348800500670e-05
-3.848091921822384068e-05
-1.886541193181818404e-04
-1.870614510995370139e-04
-1.262831768202863150e-04
-5.117088857323233425e-05
6.678931239478015467e-06
4.551948521675083445e-05
1.095858487215908389e-04
9.961882825652351367e-05
-6.833060421927603057e-05
-1.959238790903829544e-04
-8.405178082912454212e-05
-3.162217059922133733e-05
-7.716734401304712221e-05
-1.161363389756944249e-04
-1.380483710805976093e-04
-8.477105034722173471e-06
7.372512560500845292e-05
5.086263020833333559e-05
-2.075606323653196320e-05
-1.299309008049242490e-04
-1.834137271148989716e-04
-1.068885880287247090e-04
-7.870863583754204775e-05
-7.544623480902775368e-05
-7.236365116003783484e-05
-1.944596518571125278e-05
7.585724596222641856e-05
1.438539036195283713e-05
-7.809211910774415885e-06
-2.774325284090915521e-06
2.371020590014725861e-05
1.292116312868265041e-04
2.366139832570496662e-04
2.752233434606481642e-04
3.354107892071758637e-04
2.630728262442129047e-04
2.164487485532406313e-04
1.233804105508207172e-04
1.119234746554082183e-04
1.659714413010311186e-04
1.876265914351851782e-04
1.044995857007575778e-04
1.315749454177188272e-04
6.285901824231900764e-05
2.001624316077440775e-04
1.347859700520833424e-04
1.235345397332702436e-04
-5.618008700284091340e-05
-1.649182252209599464e-05
3.103134206649825656e-05
7.071960654724332440e-05
5.661678635311456938e-05
1.939458879156156536e-05
-1.952302977693593129e-05
-1.291859430897515876e-04
-2.173221472537875502e-05
4.426076356007992325e-05
-1.652264835858585927e-04
-2.163459957649410193e-04
-1.440337209990530311e-04
-1.449841842908249437e-04
-1.443162911668772216e-04
-1.612705012363216601e-04
-1.307272349142466893e-04
-5.178740530303033157e-05
-5.407365484269783043e-05
-6.571040811763466394e-05
-1.560044208359637663e-04
-1.132078845091540054e-04
-1.826430812026516579e-05
4.364424683028192593e-05
-3.136528862847224632e-05
-1.302391591698225971e-05
-2.568819707490932877e-07
-1.140555950126258959e-05
-1.359419389204546416e-04
-1.027014119055135680e-04
-1.975422355061032598e-05
5.525531190814399196e-05
-7.436733053188125837e-05
-8.577289003314399196e-05
-1.651237307975589807e-04
-1.180629537563131665e-04
-1.418245360506101803e-04
-1.215051721643516969e-05
-1.107675057870371495e-04
-8.058387422401113245e-05
-1.638650091408881508e-04
-3.203318175242000221e-05
-8.248480080755467292e-05
-9.746101970223065858e-05
-1.213253547848274877e-04
-8.464260936184766354e-05
-9.494357638888883618e-05
-1.004408505629208434e-04
-4.677820687342167111e-05
1.577255300399833110e-05
6.311590021306817319e-05
-1.541291824494993301e-07
-3.930294152462160920e-06
-8.990868976220504571e-06
1.649182252209599464e-05
3.313777422664163176e-06
1.050133496422558411e-04
1.948449748132363506e-04
2.696490046953913260e-04
2.576269284643308119e-04
2.596819842303241363e-04
2.380268340961700767e-04
2.207643656618266668e-04
1.882687963620581462e-04
2.281111900252525847e-04
2.240524548874157690e-04
2.763022477377946053e-04
2.553406789246632927e-04
2.168083833122896257e-04
1.544631290114688543e-04
1.038573807738846910e-04
1.184996531065867073e-04
7.390494298453286880e-05
1.270795109296086469e-04
4.102405072864062028e-05
6.229387790667092475e-05
-1.081729978824705774e-04
-1.094574077362163510e-04
-8.944630221485691025e-05
-7.691046204229794311e-05
-8.769950481376262517e-05
-1.943055226746633198e-04
-1.233290341566709383e-04
-1.013399374605429364e-04
1.125143031881312584e-05
6.134341461489901221e-05
1.654319891624575660e-05
-3.624604607270628335e-05
-5.887734769570713813e-05
-8.546463166824495264e-05
-5.880028310448233425e-05
-9.779496626420457379e-05
6.781684027777717262e-06
1.841843730271462785e-05
2.805151120580808187e-05
-3.062033091329966622e-05
-7.506091185290404602e-05
-1.059638129340277130e-04
-1.497108125526093729e-04
-8.153433751578276038e-05
-1.392300281460441198e-05
4.993785511363633961e-05
3.814697265625000000e-05
-6.994896063499575999e-05
-1.522025676688762517e-04
-2.218946463331229139e-04
-1.338355067603114298e-04
3.162217059922141187e-05
1.371235959859006676e-04
-9.693184284248806059e-05
-8.538242943760623340e-05
-3.949303418297663579e-05
-1.158075300531364579e-04
-1.687303536668787341e-04
-1.557629517834602500e-04
-1.476608944260318342e-04
-5.564063486426831627e-05
-1.074074896096397744e-04
-1.076284081044842546e-04
2.344304865056666412e-05
5.995625197285169543e-05
6.536618627683047852e-05
1.888596248947797295e-05
1.575611255787055744e-04
3.091112130418781812e-04
2.020530829124585811e-04
1.159205581202638600e-04
-1.320373329652857648e-06
8.515123566392854206e-05
1.694650361032179811e-04
2.779206041535135893e-04
3.114282884180337462e-04
2.558184793902561118e-04
1.426362830781764538e-04
3.398034709069852529e-05
-3.351795954335107762e-05
-7.415668731586733294e-05
-6.971262922190774470e-05
-1.347500065761784538e-04
-3.468420369055100037e-05
-3.449924867161090729e-05
5.756211200547241069e-05
7.370971268676330512e-05
1.892192596538330200e-05
-4.265268242319110101e-05
-9.453770287510530640e-05
-9.412155408249043239e-06
5.970450764151969108e-05
-4.625416765309357803e-05
-6.074744844276034234e-05
4.488755556870644927e-05
6.281277948758379464e-05
7.626825711542261689e-05
2.373589409720172017e-06
2.397736314972393642e-05
-3.832679003578437869e-06
5.522962371106902797e-05
8.034240517150600339e-05
1.447478528777346922e-04
2.171474675136775918e-04
2.225471265388250951e-04
1.261495981954968140e-04
6.938382029934664710e-05
8.210461549084508391e-05
1.295609907670440899e-04
3.479723175768071995e-05
4.063359013310325474e-05
