1.146344815384615250e+15
1.146344861538461250e+15
1.146344907692307750e+15
1.146344953846154000e+15
1.146345000000000250e+15
1.146345046153846750e+15
1.146345092307692750e+15
1.146345138461539000e+15
1.146345184615385000e+15
1.146345230769231000e+15
1.146345276923077000e+15
1.146345323076923250e+15
1.146345369230769250e+15
1.146345415384615750e+15
1.146345461538461750e+15
1.146345507692308000e+15
1.146345553846154000e+15
1.146345600000000000e+15
1.146345646153846000e+15
1.146345692307692000e+15
1.146345738461538000e+15
1.146345784615384000e+15
1.146345830769230750e+15
1.146345876923076750e+15
1.146345923076923250e+15
1.146345969230769250e+15
1.146346015384616000e+15
1.146346061538462750e+15
1.146346107692308000e+15
1.146346153846154000e+15
1.146346200000000000e+15
1.146346246153846750e+15
1.146346292307692000e+15
1.146346338461537250e+15
1.146346384615384000e+15
1.146350545384615250e+15
1.146350591538461250e+15
1.146350637692307750e+15
1.146350683846154000e+15
1.146350730000000250e+15
1.146350776153846750e+15
1.146350822307692750e+15
1.146350868461539000e+15
1.146350914615385000e+15
1.146350960769231000e+15
1.146351006923077000e+15
1.146351053076923250e+15
1.146351099230769250e+15
1.146351145384615750e+15
1.146351191538461750e+15
1.146351237692308000e+15
1.146351283846154000e+15
1.146351330000000000e+15
1.146351376153846000e+15
1.146351422307692000e+15
1.146351468461538000e+15
1.146351514615384000e+15
1.146351560769230750e+15
1.146351606923076750e+15
1.146351653076923250e+15
1.146351699230769250e+15
1.146351745384616000e+15
1.146351791538462750e+15
1.146351837692308000e+15
1.146351883846154000e+15
1.146351930000000000e+15
1.146351976153846750e+15
1.146352022307692000e+15
1.146352068461537250e+15
1.146352114615384000e+15
1.146358922448980000e+15
1.146358971428571750e+15
1.146359020408163750e+15
1.146359069387755250e+15
1.146359118367347000e+15
1.146359167346938750e+15
1.146359216326530250e+15
1.146359265306122250e+15
1.146359314285714000e+15
1.146359363265306000e+15
1.146359412244897750e+15
1.146359461224489250e+15
1.146359510204081000e+15
1.146359559183672750e+15
1.146359608163264250e+15
1.146359657142856000e+15
1.146359706122448000e+15
1.146359755102040000e+15
1.146359804081632000e+15
1.146359853061224000e+15
1.146359902040816000e+15
1.146359951020408000e+15
1.146360000000000000e+15
1.146360048979592000e+15
1.146360097959184000e+15
1.146360146938776000e+15
1.146360195918367250e+15
1.146360244897958750e+15
1.146360293877550000e+15
1.146360342857141250e+15
1.146360391836732750e+15
1.146360440816324000e+15
1.146360489795916000e+15
1.146360538775508000e+15
1.146360587755100000e+15
1.146360636734692000e+15
1.146360685714284000e+15
1.146360734693876000e+15
1.146360783673468000e+15
1.146360832653060000e+15
1.146360881632652000e+15
1.146360930612244000e+15
1.146360979591836000e+15
1.146361028571428000e+15
1.146361077551020000e+15
1.146364550448979750e+15
1.146364599428571500e+15
1.146364648408163250e+15
1.146364697387755000e+15
1.146364746367346750e+15
1.146364795346938500e+15
1.146364844326530250e+15
1.146364893306122250e+15
1.146364942285714000e+15
1.146364991265306000e+15
1.146365040244898000e+15
1.146365089224489750e+15
1.146365138204081250e+15
1.146365187183673000e+15
1.146365236163264750e+15
1.146365285142856250e+15
1.146365334122448000e+15
1.146365383102040000e+15
1.146365432081632000e+15
1.146365481061224000e+15
1.146365530040816000e+15
1.146365579020408000e+15
1.146365628000000000e+15
1.146365676979592000e+15
1.146365725959184000e+15
1.146365774938776000e+15
1.146365823918367250e+15
1.146365872897958750e+15
1.146365921877550000e+15
1.146365970857141250e+15
1.146366019836732750e+15
1.146366068816324000e+15
1.146366117795916000e+15
1.146366166775508000e+15
1.146366215755100000e+15
1.146366264734692000e+15
1.146366313714284000e+15
1.146366362693876000e+15
1.146366411673468000e+15
1.146366460653060000e+15
1.146366509632652000e+15
1.146366558612244000e+15
1.146366607591836000e+15
1.146366656571428000e+15
1.146366705551020000e+15
1.146373757448979750e+15
1.146373806428571500e+15
1.146373855408163250e+15
1.146373904387755000e+15
1.146373953367346750e+15
1.146374002346938500e+15
1.146374051326530250e+15
1.146374100306122250e+15
1.146374149285714000e+15
1.146374198265306000e+15
1.146374247244898000e+15
1.146374296224489750e+15
1.146374345204081250e+15
1.146374394183673000e+15
1.146374443163264750e+15
1.146374492142856250e+15
1.146374541122448000e+15
1.146374590102040000e+15
1.146374639081632000e+15
1.146374688061224000e+15
1.146374737040816000e+15
1.146374786020408000e+15
1.146374835000000000e+15
1.146374883979592000e+15
1.146374932959184000e+15
1.146374981938776000e+15
1.146375030918367250e+15
1.146375079897958750e+15
1.146375128877550000e+15
1.146375177857141250e+15
1.146375226836732750e+15
1.146375275816324000e+15
1.146375324795916000e+15
1.146375373775508000e+15
1.146375422755100000e+15
1.146375471734692000e+15
1.146375520714284000e+15
1.146375569693876000e+15
1.146375618673468000e+15
1.146375667653060000e+15
1.146375716632652000e+15
1.146375765612244000e+15
1.146375814591836000e+15
1.146375863571428000e+15
1.146375912551020000e+15
1.146378896448979750e+15
1.146378945428571500e+15
1.146378994408163250e+15
1.146379043387755000e+15
1.146379092367346750e+15
1.146379141346938500e+15
1.146379190326530250e+15
1.146379239306122250e+15
1.146379288285714000e+15
1.146379337265306000e+15
1.146379386244898000e+15
1.146379435224489750e+15
1.146379484204081250e+15
1.146379533183673000e+15
1.146379582163264750e+15
1.146379631142856250e+15
1.146379680122448000e+15
1.146379729102040000e+15
1.146379778081632000e+15
1.146379827061224000e+15
1.146379876040816000e+15
1.146379925020408000e+15
1.146379974000000000e+15
1.146380022979592000e+15
1.146380071959184000e+15
1.146380120938776000e+15
1.146380169918367250e+15
1.146380218897958750e+15
1.146380267877550000e+15
1.146380316857141250e+15
1.146380365836732750e+15
1.146380414816324000e+15
1.146380463795916000e+15
1.146380512775508000e+15
1.146380561755100000e+15
1.146380610734692000e+15
1.146380659714284000e+15
1.146380708693876000e+15
1.146380757673468000e+15
1.146380806653060000e+15
1.146380855632652000e+15
1.146380904612244000e+15
1.146380953591836000e+15
1.146381002571428000e+15
1.146381051551020000e+15
1.146388526448979750e+15
1.146388575428571500e+15
1.146388624408163250e+15
1.146388673387755000e+15
1.146388722367346750e+15
1.146388771346938500e+15
1.146388820326530250e+15
1.146388869306122250e+15
1.146388918285714000e+15
1.146388967265306000e+15
1.146389016244898000e+15
1.146389065224489750e+15
1.146389114204081250e+15
1.146389163183673000e+15
1.146389212163264750e+15
1.146389261142856250e+15
1.146389310122448000e+15
1.146389359102040000e+15
1.146389408081632000e+15
1.146389457061224000e+15
1.146389506040816000e+15
1.146389555020408000e+15
1.146389604000000000e+15
1.146389652979592000e+15
1.146389701959184000e+15
1.146389750938776000e+15
1.146389799918367250e+15
1.146389848897958750e+15
1.146389897877550000e+15
1.146389946857141250e+15
1.146389995836732750e+15
1.146390044816324000e+15
1.146390093795916000e+15
1.146390142775508000e+15
1.146390191755100000e+15
1.146390240734692000e+15
1.146390289714284000e+15
1.146390338693876000e+15
1.146390387673468000e+15
1.146390436653060000e+15
1.146390485632652000e+15
1.146390534612244000e+15
1.146390583591836000e+15
1.146390632571428000e+15
1.146390681551020000e+15
1.146393317448979750e+15
1.146393366428571500e+15
1.146393415408163250e+15
1.146393464387755000e+15
1.146393513367346750e+15
1.146393562346938500e+15
1.146393611326530250e+15
1.146393660306122250e+15
1.146393709285714000e+15
1.146393758265306000e+15
1.146393807244898000e+15
1.146393856224489750e+15
1.146393905204081250e+15
1.146393954183673000e+15
1.146394003163264750e+15
1.146394052142856250e+15
1.146394101122448000e+15
1.146394150102040000e+15
1.146394199081632000e+15
1.146394248061224000e+15
1.146394297040816000e+15
1.146394346020408000e+15
1.146394395000000000e+15
1.146394443979592000e+15
1.146394492959184000e+15
1.146394541938776000e+15
1.146394590918367250e+15
1.146394639897958750e+15
1.146394688877550000e+15
1.146394737857141250e+15
1.146394786836732750e+15
1.146394835816324000e+15
1.146394884795916000e+15
1.146394933775508000e+15
1.146394982755100000e+15
1.146395031734692000e+15
1.146395080714284000e+15
1.146395129693876000e+15
1.146395178673468000e+15
1.146395227653060000e+15
1.146395276632652000e+15
1.146395325612244000e+15
1.146395374591836000e+15
1.146395423571428000e+15
1.146395472551020000e+15
1.146403406448980000e+15
1.146403455428571750e+15
1.146403504408163750e+15
1.146403553387755250e+15
1.146403602367347000e+15
1.146403651346938750e+15
1.146403700326530250e+15
1.146403749306122250e+15
1.146403798285714000e+15
1.146403847265306000e+15
1.146403896244897750e+15
1.146403945224489250e+15
1.146403994204081000e+15
1.146404043183672750e+15
1.146404092163264250e+15
1.146404141142856000e+15
1.146404190122448000e+15
1.146404239102040000e+15
1.146404288081632000e+15
1.146404337061224000e+15
1.146404386040816000e+15
1.146404435020408000e+15
1.146404484000000000e+15
1.146404532979592000e+15
1.146404581959184000e+15
1.146404630938776000e+15
1.146404679918367250e+15
1.146404728897958750e+15
1.146404777877550000e+15
1.146404826857141250e+15
1.146404875836732750e+15
1.146404924816324000e+15
1.146404973795916000e+15
1.146405022775508000e+15
1.146405071755100000e+15
1.146405120734692000e+15
1.146405169714284000e+15
1.146405218693876000e+15
1.146405267673468000e+15
1.146405316653060000e+15
1.146405365632652000e+15
1.146405414612244000e+15
1.146405463591836000e+15
1.146405512571428000e+15
1.146405561551020000e+15
1.146407846448979250e+15
1.146407895428571250e+15
1.146407944408163250e+15
1.146407993387755000e+15
1.146408042367346750e+15
1.146408091346938500e+15
1.146408140326530250e+15
1.146408189306122250e+15
1.146408238285714000e+15
1.146408287265306000e+15
1.146408336244897750e+15
1.146408385224489250e+15
1.146408434204081000e+15
1.146408483183672750e+15
1.146408532163264250e+15
1.146408581142856000e+15
1.146408630122448000e+15
1.146408679102040000e+15
1.146408728081632000e+15
1.146408777061224000e+15
1.146408826040816000e+15
1.146408875020408000e+15
1.146408924000000000e+15
1.146408972979592000e+15
1.146409021959184000e+15
1.146409070938776000e+15
1.146409119918368000e+15
1.146409168897959250e+15
1.146409217877550750e+15
1.146409266857142000e+15
1.146409315836733250e+15
1.146409364816324750e+15
1.146409413795916000e+15
1.146409462775508000e+15
1.146409511755100000e+15
1.146409560734692000e+15
1.146409609714284000e+15
1.146409658693876000e+15
1.146409707673468000e+15
1.146409756653060000e+15
1.146409805632652000e+15
1.146409854612244000e+15
1.146409903591836000e+15
1.146409952571428000e+15
1.146410001551020000e+15
1.146418439448979750e+15
1.146418488428571500e+15
1.146418537408163250e+15
1.146418586387755000e+15
1.146418635367346750e+15
1.146418684346938500e+15
1.146418733326530250e+15
1.146418782306122250e+15
1.146418831285714000e+15
1.146418880265306000e+15
1.146418929244898000e+15
1.146418978224489750e+15
1.146419027204081250e+15
1.146419076183673000e+15
1.146419125163264750e+15
1.146419174142856250e+15
1.146419223122448000e+15
1.146419272102040000e+15
1.146419321081632000e+15
1.146419370061224000e+15
1.146419419040816000e+15
1.146419468020408000e+15
1.146419517000000000e+15
1.146419565979592000e+15
1.146419614959184000e+15
1.146419663938776000e+15
1.146419712918367250e+15
1.146419761897958750e+15
1.146419810877550000e+15
1.146419859857141250e+15
1.146419908836732750e+15
1.146419957816324000e+15
1.146420006795916000e+15
1.146420055775508000e+15
1.146420104755100000e+15
1.146420153734692000e+15
1.146420202714284000e+15
1.146420251693876000e+15
1.146420300673468000e+15
1.146420349653060000e+15
1.146420398632652000e+15
1.146420447612244000e+15
1.146420496591836000e+15
1.146420545571428000e+15
1.146420594551020000e+15
1.146422522448979750e+15
1.146422571428571500e+15
1.146422620408163250e+15
1.146422669387755000e+15
1.146422718367346750e+15
1.146422767346938500e+15
1.146422816326530250e+15
1.146422865306122250e+15
1.146422914285714000e+15
1.146422963265306000e+15
1.146423012244898000e+15
1.146423061224489750e+15
1.146423110204081250e+15
1.146423159183673000e+15
1.146423208163264750e+15
1.146423257142856250e+15
1.146423306122448000e+15
1.146423355102040000e+15
1.146423404081632000e+15
1.146423453061224000e+15
1.146423502040816000e+15
1.146423551020408000e+15
1.146423600000000000e+15
1.146423648979592000e+15
1.146423697959184000e+15
1.146423746938776000e+15
1.146423795918367250e+15
1.146423844897958750e+15
1.146423893877550000e+15
1.146423942857141250e+15
1.146423991836732750e+15
1.146424040816324000e+15
1.146424089795916000e+15
1.146424138775508000e+15
1.146424187755100000e+15
1.146424236734692000e+15
1.146424285714284000e+15
1.146424334693876000e+15
1.146424383673468000e+15
1.146424432653060000e+15
1.146424481632652000e+15
1.146424530612244000e+15
1.146424579591836000e+15
1.146424628571428000e+15
1.146424677551020000e+15
1.146433676448979750e+15
1.146433725428571500e+15
1.146433774408163250e+15
1.146433823387755000e+15
1.146433872367346750e+15
1.146433921346938500e+15
1.146433970326530250e+15
1.146434019306122250e+15
1.146434068285714000e+15
1.146434117265306000e+15
1.146434166244898000e+15
1.146434215224489750e+15
1.146434264204081250e+15
1.146434313183673000e+15
1.146434362163264750e+15
1.146434411142856250e+15
1.146434460122448000e+15
1.146434509102040000e+15
1.146434558081632000e+15
1.146434607061224000e+15
1.146434656040816000e+15
1.146434705020408000e+15
1.146434754000000000e+15
1.146434802979592000e+15
1.146434851959184000e+15
1.146434900938776000e+15
1.146434949918367250e+15
1.146434998897958750e+15
1.146435047877550000e+15
1.146435096857141250e+15
1.146435145836732750e+15
1.146435194816324000e+15
1.146435243795916000e+15
1.146435292775508000e+15
1.146435341755100000e+15
1.146435390734692000e+15
1.146435439714284000e+15
1.146435488693876000e+15
1.146435537673468000e+15
1.146435586653060000e+15
1.146435635632652000e+15
1.146435684612244000e+15
1.146435733591836000e+15
1.146435782571428000e+15
1.146435831551020000e+15
1.146437393448979750e+15
1.146437442428571500e+15
1.146437491408163250e+15
1.146437540387755000e+15
1.146437589367346750e+15
1.146437638346938500e+15
1.146437687326530250e+15
1.146437736306122250e+15
1.146437785285714000e+15
1.146437834265306000e+15
1.146437883244898000e+15
1.146437932224489750e+15
1.146437981204081250e+15
1.146438030183673000e+15
1.146438079163264750e+15
1.146438128142856250e+15
1.146438177122448000e+15
1.146438226102040000e+15
1.146438275081632000e+15
1.146438324061224000e+15
1.146438373040816000e+15
1.146438422020408000e+15
1.146438471000000000e+15
1.146438519979592000e+15
1.146438568959184000e+15
1.146438617938776000e+15
1.146438666918367250e+15
1.146438715897958750e+15
1.146438764877550000e+15
1.146438813857141250e+15
1.146438862836732750e+15
1.146438911816324000e+15
1.146438960795916000e+15
1.146439009775508000e+15
1.146439058755100000e+15
1.146439107734692000e+15
1.146439156714284000e+15
1.146439205693876000e+15
1.146439254673468000e+15
1.146439303653060000e+15
1.146439352632652000e+15
1.146439401612244000e+15
1.146439450591836000e+15
1.146439499571428000e+15
1.146439548551020000e+15
1.146449180448979250e+15
1.146449229428571250e+15
1.146449278408163250e+15
1.146449327387755000e+15
1.146449376367346750e+15
1.146449425346938500e+15
1.146449474326530250e+15
1.146449523306122250e+15
1.146449572285714000e+15
1.146449621265306000e+15
1.146449670244897750e+15
1.146449719224489250e+15
1.146449768204081000e+15
1.146449817183672750e+15
1.146449866163264250e+15
1.146449915142856000e+15
1.146449964122448000e+15
1.146450013102040000e+15
1.146450062081632000e+15
1.146450111061224000e+15
1.146450160040816000e+15
1.146450209020408000e+15
1.146450258000000000e+15
1.146450306979592000e+15
1.146450355959184000e+15
1.146450404938776000e+15
1.146450453918368000e+15
1.146450502897959250e+15
1.146450551877550750e+15
1.146450600857142000e+15
1.146450649836733250e+15
1.146450698816324750e+15
1.146450747795916000e+15
1.146450796775508000e+15
1.146450845755100000e+15
1.146450894734692000e+15
1.146450943714284000e+15
1.146450992693876000e+15
1.146451041673468000e+15
1.146451090653060000e+15
1.146451139632652000e+15
1.146451188612244000e+15
1.146451237591836000e+15
1.146451286571428000e+15
1.146451335551020000e+15
1.146452522448979750e+15
1.146452571428571500e+15
1.146452620408163250e+15
1.146452669387755000e+15
1.146452718367346750e+15
1.146452767346938500e+15
1.146452816326530250e+15
1.146452865306122250e+15
1.146452914285714000e+15
1.146452963265306000e+15
1.146453012244898000e+15
1.146453061224489750e+15
1.146453110204081250e+15
1.146453159183673000e+15
1.146453208163264750e+15
1.146453257142856250e+15
1.146453306122448000e+15
1.146453355102040000e+15
1.146453404081632000e+15
1.146453453061224000e+15
1.146453502040816000e+15
1.146453551020408000e+15
1.146453600000000000e+15
1.146453648979592000e+15
1.146453697959184000e+15
1.146453746938776000e+15
1.146453795918367250e+15
1.146453844897958750e+15
1.146453893877550000e+15
1.146453942857141250e+15
1.146453991836732750e+15
1.146454040816324000e+15
1.146454089795916000e+15
1.146454138775508000e+15
1.146454187755100000e+15
1.146454236734692000e+15
1.146454285714284000e+15
1.146454334693876000e+15
1.146454383673468000e+15
1.146454432653060000e+15
1.146454481632652000e+15
1.146454530612244000e+15
1.146454579591836000e+15
1.146454628571428000e+15
1.146454677551020000e+15
1.146329757587940000e+15
1.146329804623115750e+15
1.146329851658291750e+15
1.146329898693467250e+15
1.146329945728643250e+15
1.146329992763819000e+15
1.146330039798994750e+15
1.146330086834170500e+15
1.146330133869346250e+15
1.146330180904522250e+15
1.146330227939698000e+15
1.146330274974874250e+15
1.146330322010050750e+15
1.146330369045226250e+15
1.146330416080402000e+15
1.146330463115577750e+15
1.146330510150753250e+15
1.146330557185928750e+15
1.146330604221104000e+15
1.146330651256280000e+15
1.146330698291456000e+15
1.146330745326632000e+15
1.146330792361808000e+15
1.146330839396984000e+15
1.146330886432160000e+15
1.146330933467336000e+15
1.146330980502512000e+15
1.146331027537688750e+15
1.146331074572865250e+15
1.146331121608042000e+15
1.146331168643217250e+15
1.146331215678392750e+15
1.146331262713568000e+15
1.146331309748742750e+15
1.146331356783917250e+15
1.146331403819092000e+15
1.146331450854268000e+15
1.146331497889444000e+15
1.146331544924620000e+15
1.146331591959796000e+15
1.146331638994972000e+15
1.146331686030148000e+15
1.146331733065324000e+15
1.146331780100500000e+15
1.146331827135676000e+15
1.146331874170852000e+15
1.146331921206028000e+15
1.146331968241204000e+15
1.146332015276380000e+15
1.146332062311556000e+15
1.146332109346732000e+15
1.146332156381908000e+15
1.146332203417084000e+15
1.146332250452260000e+15
1.146332297487436000e+15
1.146332344522612000e+15
1.146332391557788000e+15
1.146332438592964000e+15
1.146332485628140000e+15
1.146332532663317250e+15
1.146332579698493250e+15
1.146332626733670750e+15
1.146332673768846750e+15
1.146332720804021250e+15
1.146332767839197250e+15
1.146332814874370750e+15
1.146332861909546750e+15
1.146332908944720000e+15
1.146332955979896000e+15
1.146333003015072000e+15
1.146333050050248000e+15
1.146333097085424000e+15
1.146333144120600000e+15
1.146333191155776000e+15
1.146333238190952000e+15
1.146333285226128000e+15
1.146333332261304000e+15
1.146333379296480000e+15
1.146333426331656000e+15
1.146333473366832000e+15
1.146333520402008000e+15
1.146333567437184000e+15
1.146333614472360000e+15
1.146333661507536000e+15
1.146333708542712000e+15
1.146333755577888000e+15
1.146333802613064000e+15
1.146333849648240000e+15
1.146333896683416000e+15
1.146333943718592000e+15
1.146333990753768000e+15
1.146334037788944000e+15
1.146334084824120000e+15
1.146334131859296000e+15
1.146334178894472000e+15
1.146334225929648000e+15
1.146334272964824000e+15
1.146334320000000000e+15
1.146334367035176000e+15
1.146334414070352000e+15
1.146334461105528000e+15
1.146334508140704000e+15
1.146334555175880000e+15
1.146334602211056000e+15
1.146334649246232000e+15
1.146334696281408000e+15
1.146334743316584000e+15
1.146334790351760000e+15
1.146334837386936000e+15
1.146334884422112000e+15
1.146334931457288000e+15
1.146334978492464000e+15
1.146335025527640000e+15
1.146335072562816000e+15
1.146335119597992000e+15
1.146335166633168000e+15
1.146335213668344000e+15
1.146335260703520000e+15
1.146335307738696000e+15
1.146335354773872000e+15
1.146335401809048000e+15
1.146335448844224000e+15
1.146335495879397250e+15
1.146335542914576000e+15
1.146335589949752000e+15
1.146335636984928000e+15
1.146335684020101250e+15
1.146335731055280000e+15
1.146335778090458750e+15
1.146335825125632000e+15
1.146335872160805250e+15
1.146335919195978750e+15
1.146335966231157250e+15
1.146336013266330750e+15
1.146336060301504000e+15
1.146336107336677250e+15
1.146336154371856000e+15
1.146336201407034750e+15
1.146336248442208000e+15
1.146336295477381250e+15
1.146336342512560000e+15
1.146336389547738750e+15
1.146336436582912000e+15
1.146336483618085250e+15
1.146336530653264000e+15
1.146336577688442750e+15
1.146336624723616000e+15
1.146336671758789250e+15
1.146336718793968000e+15
1.146336765829146750e+15
1.146336812864320000e+15
1.146336859899493250e+15
1.146336906934672000e+15
1.146336953969850750e+15
1.146337001005024000e+15
1.146337048040197250e+15
1.146337095075376000e+15
1.146337142110554750e+15
1.146337189145728000e+15
1.146337236180901250e+15
1.146337283216080000e+15
1.146337330251258750e+15
1.146337377286432000e+15
1.146337424321605250e+15
1.146337471356784000e+15
1.146337518391962750e+15
1.146337565427136000e+15
1.146337612462309250e+15
1.146337659497488000e+15
1.146337706532666750e+15
1.146337753567840000e+15
1.146337800603013250e+15
1.146337847638192000e+15
1.146337894673370750e+15
1.146337941708544000e+15
1.146337988743717250e+15
1.146338035778896000e+15
1.146338082814074750e+15
1.146338129849248000e+15
1.146338176884421250e+15
1.146338223919600000e+15
1.146338270954778750e+15
1.146338317989952000e+15
1.146338365025125250e+15
1.146338412060304000e+15
1.146338459095482750e+15
1.146338506130656000e+15
1.146338553165829250e+15
1.146338600201008000e+15
1.146338647236186750e+15
1.146338694271360000e+15
1.146338741306533250e+15
1.146338788341712000e+15
1.146338835376890750e+15
1.146338882412064000e+15
