2.260561342592593484e-05
5.073418922295875959e-05
1.510209106034301172e-04
2.289845887257996391e-04
3.509264602404250292e-04
5.750816679161405457e-04
7.659706603798398282e-04
8.939749464041453356e-04
9.248264710911193592e-04
9.680853949652776453e-04
1.103025494199810297e-03
1.119543004918981208e-03
1.189748847524726202e-03
1.329004563867844727e-03
1.460579509285563418e-03
1.571783714422874149e-03
1.577512182370580324e-03
1.530939481073758128e-03
1.442212448376998732e-03
1.294402562407933428e-03
1.131231134588068024e-03
9.386724093144987319e-04
6.852326569733793726e-04
5.189529573074493909e-04
3.744054723668980016e-04
2.408782239714853807e-04
1.213510429819020519e-04
3.586072311658206746e-05
2.265698982007538847e-05
2.008817011258402435e-05
-1.017252604166666610e-05
-2.060193405408264344e-05
3.005519057765135632e-05
1.849550189393934024e-05
4.025340481639272383e-05
6.475994482586277850e-05
1.233033459595958557e-05
2.275974260837541722e-05
5.702779750631330371e-06
4.765160557396888141e-05
1.044738975036826613e-04
8.045543323863638705e-05
1.699531118476431304e-04
2.320671723747895715e-04
2.907647026909723005e-04
3.075647835779672396e-04
3.349484016598274741e-04
3.435025712857744701e-04
3.008601641414141814e-04
2.550324205597643483e-04
3.257777153040825892e-04
3.979101726904461615e-04
4.431470877393729139e-04
4.943436645096801986e-04
5.710486209753788634e-04
6.180066452283250250e-04
5.699440285011574516e-04
4.833748043586911548e-04
3.472016716645624540e-04
3.109813137889311414e-04
2.389259209937921562e-04
1.257694128787878484e-04
1.954871797401084785e-05
-2.386433508259682909e-05
7.500953545875345227e-06
-3.311208602956664660e-05
-8.898391466750849358e-05
-8.918942024410767694e-05
-9.779496626420450603e-05
-8.700592349273983752e-05
-1.792779273858375146e-04
-2.171937062684132927e-04
-2.134175412984006676e-04
-1.548741401646675463e-04
-1.044995857007576320e-04
-2.314506556449923670e-05
2.073037503945699244e-05
8.125176734795866473e-05
1.305217293376472484e-04
4.821674590961694398e-05
1.186794704861110554e-04
9.648486821338380238e-05
1.873440212673610418e-04
1.364043264678030040e-04
2.183496751367845106e-04
3.175574922401094000e-04
3.613044918586911006e-04
4.933932012179082860e-04
5.674265851878156292e-04
7.198346584332913217e-04
8.700849231244740236e-04
1.124526515151515454e-03
1.317624692563657560e-03
1.548869842632050317e-03
1.770147972235375233e-03
1.920629430700231859e-03
1.891755897188026085e-03
1.749083650633943658e-03
1.566491945825441989e-03
1.292989711568812801e-03
9.856304335674446766e-04
7.649945088909927823e-04
5.764431423611106895e-04
4.336424548216534090e-04
3.239024769176128134e-04
1.869843865083114511e-04
1.223785708648981313e-04
3.408823751841275063e-05
3.467906605113604823e-05
-1.723678023726864589e-05
-4.939840297506330880e-05
-2.537993871001668900e-05
3.028638435132596785e-05
5.656540995896466173e-05
2.871940432975598684e-05
-9.918212890625001355e-05
-1.433401396780303959e-05
-1.638906973379629115e-05
-3.804421986795034056e-05
-6.416911629313972484e-05
-1.235345397332702165e-04
1.407713199705389268e-05
2.283680719960017705e-05
-3.290658045296718541e-05
1.687714547821967182e-05
6.291039463646884075e-05
9.856561217645201623e-05
7.241502755418772216e-05
8.112332636258416327e-05
1.769403014520202165e-04
2.160120492029671583e-04
3.046106409143518900e-04
4.387287178424874290e-04
5.488283305055766939e-04
6.637830124158250250e-04
6.407150114425506091e-04
6.468288023463806408e-04
5.946303858901516104e-04
5.142520172427399866e-04
4.614627722537879297e-04
3.556274003051346504e-04
3.141666502262205232e-04
2.515902021517255299e-04
2.148560803345958591e-04
1.512521043771042036e-04
1.350428520228323453e-04
8.703161168981468632e-05
1.139785304214013529e-04
7.454714791140567426e-05
1.736522122264301182e-05
1.217620541351015739e-05
-1.253584017255884517e-05
-7.372512560500834450e-05
-5.653972176188967741e-05
-4.025340481639301521e-05
-1.137987130418752735e-05
-2.874509252683068655e-05
-5.805532538930967962e-05
2.060193405408264344e-05
-9.129585240425068537e-05
1.834137271148992223e-05
2.594507904566555116e-06
-1.787898516414137680e-05
-5.232685744160349791e-05
-6.622417205913299504e-05
-4.202589041456231849e-05
-4.824243410669195540e-05
-3.354878537984011961e-05
-4.074148056081655173e-05
-5.227548104745371901e-05
-6.344984677504190037e-06
2.268267801715067772e-05
8.161140210700757781e-05
1.156996396254209112e-04
2.145735101667719125e-04
2.881701947864057285e-04
4.431984641335227470e-04
5.527843128551136265e-04
6.057533752235900451e-04
7.562348336884469960e-04
8.202755089962121245e-04
1.016687463831018575e-03
1.155763362794612900e-03
1.333114675399831592e-03
1.427159164891098281e-03
1.396179199218750000e-03
1.376502040259364353e-03
1.209734264849010631e-03
9.615605929082490571e-04
6.939923321759260263e-04
4.867656463725799775e-04
3.692678329519146906e-04
2.498434047506310415e-04
1.288776847248523721e-04
7.639669810079938162e-05
9.640780362215872745e-05
4.695802425294601923e-05
-1.148262409248733926e-05
2.902766269465643138e-06
2.065331044823262224e-05
1.995972912720994641e-05
-5.266080400357706076e-05
-3.131391223432205406e-05
6.833060421927948478e-06
-1.836706090856439833e-05
4.708646523832072398e-05
4.921858559553870995e-05
7.033428359111952187e-05
3.080014829282406178e-05
5.404796664562287999e-05
1.298795244107743888e-04
1.499933827204335093e-04
1.049362850510311592e-04
3.074877189867422867e-05
3.426805489793770861e-05
7.868294764046718541e-05
8.831602154356058183e-05
6.869023897832487590e-05
6.881867996369949933e-05
1.077876749263468155e-04
1.372263487742003609e-04
1.721366085990109834e-04
2.932564578072389895e-04
4.148900709569653539e-04
6.247369528619527287e-04
7.708514178240739737e-04
8.645619607533668559e-04
9.367201063368053989e-04
8.219452418060813753e-04
7.697211371527775368e-04
5.622632575757571848e-04
3.918734463778405543e-04
2.942326092960855476e-04
1.385107586279460260e-04
4.754885278566931684e-05
-6.547921434396034718e-05
-2.324781835279868608e-05
-9.941332267992345956e-06
-2.807719940288299842e-05
-4.621306653777365597e-05
-3.452493686868698258e-05
-4.582774358164997541e-05
-9.350503735269365818e-05
-1.360703799058291701e-04
-1.449584960937500000e-04
-1.210941610111531709e-04
-1.189106642597853315e-04
-7.436733053188119061e-05
-8.780225760206218297e-05
-1.854687828808903105e-05
-8.988300156513046458e-05
-1.650209780092592061e-04
-1.145179825599747361e-04
-6.925537931397304011e-05
-6.537646155566072162e-05
-3.729926215277770625e-05
1.759641499631739634e-05
4.390112880103116602e-05
-3.020931976010100134e-05
-4.600756096117426932e-05
-3.991945825441923552e-05
-7.395631937868271547e-05
-8.721142906933927838e-05
-8.564444904776944984e-05
3.647723984638006393e-06
5.451035419297135088e-05
1.225327000473484980e-04
2.649480646306818133e-04
4.339507131865530040e-04
6.585169320154671312e-04
8.658977470012625167e-04
1.042041714343960347e-03
1.229334359217171746e-03
1.368281817195391055e-03
1.343852341777146278e-03
1.234189428464330541e-03
1.051674788247053622e-03
8.621215820312496747e-04
6.358856303924661883e-04
4.202845923426976678e-04
3.261373500631310415e-04
2.527975474142463912e-04
2.343277337173820115e-04
1.998541732428450247e-04
1.315492572206436938e-04
1.191675462305343615e-04
9.846285938815233646e-05
1.187822232744109656e-04
1.785329696706664321e-05
-4.582774358164969081e-05
-4.562223800505035837e-05
-2.725517709648538067e-05
-6.136910281197369837e-05
-9.270870324337102814e-05
-1.071197818023987141e-04
5.828651916298398960e-05
2.455791640361951848e-05
7.470127709385521425e-05
5.494705354324493231e-05
4.521122685185186289e-05
4.238552517361115704e-05
4.803692853009259586e-05
3.827541364162460310e-05
-2.270836621422560106e-05
1.453951954440237203e-05
-2.283680719960016689e-05
-3.452493686868684706e-05
5.445897779882201244e-06
2.725517709648572287e-05
9.106465863057663966e-05
7.264622132786197116e-05
7.637100990372480388e-05
8.854721531723483083e-05
1.341694533222852908e-04
2.215606997711489173e-04
2.768930762705176319e-04
3.853486443208123456e-04
5.387585572522095127e-04
5.458741878419611816e-04
5.072391394412877671e-04
4.080570105350378213e-04
3.385704374473904373e-04
2.237955729166665221e-04
1.046794030802818582e-04
4.857638066866582996e-05
-1.697989826651919235e-05
-1.875238386468691676e-06
-4.962959674873719187e-05
-7.883707682291652211e-05
-6.915262652567319770e-05
-4.343874125368251895e-05
-7.400769577283249437e-05
-7.005171342329549397e-05
-1.022647125552398375e-04
-1.043711447153829273e-04
-1.063491358901515020e-04
-9.797478364372898968e-05
-1.194244282012835948e-04
-1.417217832623105141e-04
-9.679312657828276038e-05
-9.134722879840070822e-05
-1.143895415746002211e-04
-1.347602818550084529e-04
-1.908633042666246641e-04
-1.815898651225800046e-04
-1.864963107638889039e-04
-1.226354528356481642e-04
-5.127364136153200047e-05
2.070468684238209282e-05
5.810670178345958727e-05
7.233796296296295895e-05
7.935084076441500228e-05
7.292879149568603971e-05
8.179121948653199370e-05
1.078904277146466342e-05
4.919289739846379340e-05
1.155455104429713441e-04
1.675384213226010013e-04
2.868600967355849842e-04
5.081639145359847631e-04
7.518421519886363735e-04
1.015043419218223915e-03
1.221576523700546946e-03
1.348553281841856008e-03
1.324586193970959730e-03
1.115869592737268575e-03
9.337916518702653454e-04
6.536104863741582860e-04
3.788752186579336448e-04
2.009844539141416241e-04
6.902418554029898085e-05
-3.724788575862683637e-06
-2.116707438973066196e-05
-3.634879886100569885e-05
-2.206616128735267024e-05
-4.289928911510934584e-05
-7.595999875052601702e-05
-5.497274174031997931e-06
4.803692853009323791e-06
9.684450297243324401e-06
9.222062749894970407e-06
-1.179088245738633792e-05
1.405144379997899476e-05
-4.739472360321966843e-05
-5.815807817760934584e-05
-4.302773010048404381e-05
2.923316827125418241e-05
-1.695421006944465526e-06
-4.446626913667930990e-05
-7.837468927556818675e-05
-3.159648240214648853e-05
-2.080743963068177853e-06
-3.932862972169611410e-05
-5.607733421454124041e-05
-1.010059908985690347e-04
-9.782065446127949035e-05
-7.118199409459176818e-05
-1.584704877551557014e-04
-1.190134170480850384e-04
-5.687366832386366039e-05
5.153052333228112536e-05
1.276960276594065358e-04
1.978761820680765855e-04
3.593265006839225259e-04
4.516498809711700225e-04
5.262484052767255841e-04
6.247112646648780290e-04
5.783440689446549482e-04
4.675508749605429364e-04
4.211323028461700225e-04
3.232088955965909337e-04
2.322213015572390708e-04
1.453951954440235814e-04
1.455493246264730808e-04
1.150831228956229139e-04
1.241767446601430762e-04
9.412155408249158774e-05
4.503140947232749444e-05
1.615787596012207943e-05
2.211753768150264904e-05
1.027527882996734410e-06
-5.741312046243676574e-05
-4.415801077178018249e-05
-3.046620173085009574e-05
-5.127364136153192593e-05
-6.763702289825340556e-05
3.611760508733159215e-05
1.125143031881309026e-05
-9.864267676767740287e-06
1.099454834806385187e-05
-7.824624829019356331e-05
-4.688095966172132377e-05
-9.889955873842529787e-06
-3.118547124894777622e-05
7.321136166351028445e-06
3.976532907196969553e-05
3.442218408038717406e-05
2.129551537510512954e-05
-3.064601911037471152e-05
1.107161293928860153e-05
-1.705696285774417579e-05
6.036726312605182906e-06
4.780573475641833331e-05
1.134904546769781281e-04
1.694650361032197430e-04
2.605296947337963826e-04
3.486402107007576727e-04
4.865087644018308119e-04
6.086561414930556158e-04
6.842308172874579522e-04
8.320407032565236899e-04
7.733174847432659630e-04
7.137208675294612900e-04
5.685311776620371495e-04
4.277598576914983853e-04
2.948748142229588409e-04
1.328079788773148218e-04
5.006629609901084785e-05
-3.699100378787983923e-06
-1.415419658827866098e-05
-1.266428115793350079e-05
2.013954650673399976e-05
9.530321114793825071e-06
6.678931239479749555e-07
1.320373329650696528e-05
1.086610736268962993e-05
3.876348938604813962e-05
3.681118640835463052e-05
4.289928911510963722e-05
7.580586956807665322e-05
3.146804141677183800e-05
-1.572117660984864368e-05
-5.248098662405314632e-05
-3.955982349537048506e-05
-5.194153448547983090e-05
4.562223800505045324e-05
-1.089179555976437538e-05
2.697260692866154251e-05
3.038913713962541384e-05
3.647723984638037734e-06
-6.676362419770620203e-05
-6.904987373737368056e-05
-1.998541732428443945e-05
-2.843683416193172855e-05
2.440378722117010724e-05
3.622035787563247810e-06
8.276737097537886344e-05
5.286630958017678623e-05
3.395979653303875739e-05
9.941332267992428965e-05
9.329953177609428508e-05
1.339382595486111232e-04
2.149331449258206630e-04
3.121629708543771403e-04
4.225708418823654038e-04
3.891504974878998331e-04
3.902807781591961615e-04
3.697815968934132385e-04
3.187134611084806450e-04
2.271093503393308390e-04
1.711090807160143212e-04
1.335015601983375688e-04
1.397437920875421562e-04
1.237657335069445739e-04
9.109034682765150201e-05
5.592320503209168009e-05
-2.037074028040832330e-05
-4.107542712279048727e-05
-1.446245495317773079e-05
-4.909014461016423560e-05
-4.844793968329124718e-05
3.118547124894775589e-05
3.324052701494101253e-05
6.486269761416241762e-05
2.103863340435607919e-05
4.194882582333750784e-05
1.289547493160767694e-05
-9.494357638888891750e-05
-5.045161905513467071e-05
-6.717463535090483981e-05
-8.816189236111112316e-05
-4.459471012205386557e-05
-5.849202473958328816e-05
-3.557815294875837160e-05
-2.979830860690193751e-06
1.191932344276096474e-05
1.034463696206860397e-04
4.698371245002103065e-05
7.393063118160771760e-05
1.641732675057870411e-04
2.715756194760100676e-04
3.743540959727483311e-04
4.490553730666035589e-04
6.426416262231693507e-04
7.632733996869741321e-04
7.415154967645204605e-04
6.985905194523359812e-04
5.914193612557872579e-04
4.591765227141204647e-04
3.406511814104588409e-04
2.129294655539773343e-04
1.529989017781986649e-04
5.230116924452866267e-05
3.452493686868698258e-05
3.395979653303881837e-05
-2.954142663615317091e-05
-4.390112880103116602e-05
-3.110840665772315530e-05
9.607385706018501892e-06
-1.140555950126266074e-05
-1.510465988005050067e-05
3.162217059922148640e-05
-8.091782078598353995e-06
-8.045543323863619731e-05
-1.154427576546716779e-04
-8.371783426715066756e-05
-6.273057725694449263e-05
-8.102057357428464612e-05
-4.801124033301781483e-05
-1.798173795244881741e-07
3.827541364162494700e-06
-9.260595045507151099e-05
-1.392814045401935227e-04
-1.780448939262415200e-04
-1.626319756812920206e-04
-1.127198087647306586e-04
-7.531779382365323867e-05
-3.683687460542931668e-05
5.438191320759679521e-05
8.420591001157406855e-05
7.215814558343850240e-05
2.311937736742417784e-05
3.105703026357315956e-05
2.502030395096789450e-05
3.295795684711691010e-05
1.990835273305965251e-05
1.174207488294401713e-04
1.871898920849115967e-04
1.545658817997685205e-04
1.608081136889730537e-04
1.475530039983165178e-04
1.785843460648148218e-04
1.608338018860479160e-04
1.390502107665192737e-04
1.314721926294191068e-04
7.431595413773138461e-05
1.266428115793339237e-05
-5.520393551399417918e-05
-1.427236229482323410e-04
-1.700558646359428237e-04
-1.904779813105009429e-04
-1.231492167771465766e-04
-8.695454709859019415e-05
-8.620958938341761405e-05
-2.142395636047990205e-05
1.230464639888461481e-05
3.175061158459593365e-05
-3.979101726904457821e-05
-5.725899127998732062e-05
1.926614780618736968e-06
-2.019092290088381593e-05
-2.350470032354797022e-05
-2.864233973853113553e-05
-8.502793231797162871e-06
-9.658762100168372271e-06
-1.181400183475378891e-04
-6.563334352640994138e-05
-2.874509252683079497e-05
-4.323323567708334914e-05
-4.811399312131731842e-05
6.021313394360277866e-05
1.897587117924032522e-04
2.594507904566498331e-04
3.351282190393518358e-04
4.025597363610058954e-04
4.510076760442971629e-04
4.562994446417298106e-04
3.309667311132155165e-04
2.481736719407618449e-04
1.459346475825968291e-04
1.553365277120159359e-04
9.093621764520200268e-05
3.493594802188550516e-05
2.594507904566499890e-05
1.767347958754208502e-05
6.550490254103576687e-06
-5.086263020833326105e-05
-4.700940064709592010e-05
-2.078175143360684249e-05
3.868642479482332219e-05
3.213593454071981751e-05
4.729197081492015128e-05
2.481479837436881278e-05
4.932133838383855913e-05
1.351199166140581825e-05
-4.549379701967584336e-05
-3.074877189867417446e-05
-5.818376637468433693e-05
-4.086992154619101253e-05
-5.086263020833326105e-05
1.926614780618741626e-06
-8.322975852272602990e-06
-5.391952566024818880e-05
-2.252854883470102254e-05
-4.336167666245784383e-05
-5.479292436079541943e-05
-1.321657739504418538e-04
-1.261547358349115967e-04
-9.520045835963808305e-05
-6.344984677504208841e-05
-2.437809902409508904e-05
-6.743151732165400536e-05
-2.450654000946967182e-05
2.969555581860267024e-05
4.212864320286170180e-06
-2.820564038825758120e-05
-7.046272457649410464e-05
2.106432160143076196e-06
7.657651548032412276e-05
1.118977864583333695e-04
1.212996665877525033e-04
1.348373464462331213e-04
2.187863744870580920e-04
1.281841034038300046e-04
9.473807081228954440e-05
4.515985045770206367e-05
2.355607671769792191e-05
7.911964699074171891e-06
-2.227166686395198574e-05
-3.501301261311028193e-05
-6.573609631470963470e-05
-1.203235150989057827e-04
-9.579128689236121803e-05
-6.781684027777787566e-05
-8.947199041193186746e-05
-2.119276258680555141e-05
-4.778004655934334391e-06
9.008850714172975636e-05
5.772137882733583894e-05
2.029367568918362530e-06
5.779844341856080036e-06
-3.462768965698658104e-05
-6.755995830702861524e-05
-7.585724596222637791e-05
-6.825353962805128091e-05
-3.645155164930550737e-05
-3.023500795717591789e-05
-1.777623237584171058e-05
-6.106084444707487590e-05
-7.367374921085853849e-05
-4.205157861163717406e-05
-8.631234217171717185e-05
-7.536917021780304468e-05
-4.649563670559762966e-05
-1.076335457438973840e-05
-4.888463903356482184e-05
-7.249209214541249894e-05
-1.307529231113218261e-05
-3.660568083175508124e-05
-4.128093269938976550e-05
-1.586503051346801172e-04
-1.339639477456860126e-04
-1.340923887310606225e-04
-5.050299544928451737e-05
1.595237038352273004e-05
1.597805858059762627e-05
6.712325895675499315e-05
6.922969111689811000e-05
6.067552149095113435e-05
4.934702658091325885e-05
1.176519426031140273e-05
5.664247455018935041e-05
1.223271944707491384e-04
2.031422624684343437e-04
3.386988784327651827e-04
5.053895892518939920e-04
6.730564515598694677e-04
8.596555151120583360e-04
9.811349990793351468e-04
1.216593013468013568e-03
1.405195756392045711e-03
1.626910585345644209e-03
1.967844336923927403e-03
2.134868994305029206e-03
2.398018885140467456e-03
2.545212254379734546e-03
2.591296879932133545e-03
2.535425051294191556e-03
2.391006007339014153e-03
2.449035644531248699e-03
2.450063172414244927e-03
2.407729023634783746e-03
2.475905498671610114e-03
2.523711233428029607e-03
2.569102277659406509e-03
2.427740129156145260e-03
2.324858899871107276e-03
2.244403466632471228e-03
2.175841668639521328e-03
2.083954987702545895e-03
1.979892101352061316e-03
1.813740842671505591e-03
1.635695948745264803e-03
1.491662227746212016e-03
1.314978808264940071e-03
1.242538092513677554e-03
1.194218593815760815e-03
1.222115975839119543e-03
1.298024598195494927e-03
1.343312889638571513e-03
1.377324062565759731e-03
1.326538496948651003e-03
1.212868224892147849e-03
1.150600035182552938e-03
1.039190324468644176e-03
9.212301235006307163e-04
8.968520244765354477e-04
7.935084076441505921e-04
7.176768498789986564e-04
6.255589751683494079e-04
5.790376502656768279e-04
5.665788746843416481e-04
5.121198968855202862e-04
5.228575632628337799e-04
5.727440419823204287e-04
6.011294997501035473e-04
5.291768597432642282e-04
4.388828470249355189e-04
3.322768291640354477e-04
2.617370399963167560e-04
1.850320835306192566e-04
2.143166281960220965e-04
2.254653057265354477e-04
2.840087068602693550e-04
3.540090438894152869e-04
3.606109105376680284e-04
3.917963817866160214e-04
3.491282864451818462e-04
3.571430039325552692e-04
3.282180940261993367e-04
2.541333336621431904e-04
2.489443178530110763e-04
2.156267262468439250e-04
2.023716165561855460e-04
1.786870988531123197e-04
1.924816606823434584e-04
1.913513800110450971e-04
1.798430677214824804e-04
1.967202131997030365e-04
1.531273427635727327e-04
8.913804384995856211e-05
6.029019853482734537e-05
1.025729709201404354e-04
8.908666745581032820e-05
8.793069858744016743e-05
1.168556084937937418e-04
1.783531522911418197e-04
1.611934366450966936e-04
7.113061770044198928e-05
5.286630958017726056e-05
4.862775706281537847e-05
3.758183232060313683e-05
4.790848754471915827e-05
5.761862603903775837e-05
9.216925110479973204e-05
1.249217023753176892e-04
7.575449317392957127e-05
1.092775903566943068e-04
8.500224412090011384e-05
5.150483513520950207e-05
9.147566978377763558e-05
1.073509755760750501e-04
1.330905490451404218e-04
1.074023519702232976e-04
1.301877827756721948e-04
1.328079788773135208e-04
1.208115908433287229e-04
9.324815538194290699e-05
1.131308199179281715e-04
1.389731461752946595e-04
1.299565890020004666e-04
1.109216349694889663e-04
1.103051182396892342e-04
1.227638938210244004e-04
1.101509890572398704e-04
9.468669441813996879e-05
4.557086161090009158e-05
5.024611347853360355e-05
4.069010416666666441e-05
6.116359723537523330e-05
6.234525430082182851e-05
1.998541732428638085e-05
4.670114228219843932e-05
3.981670546612109396e-05
2.825701678241254733e-06
-3.056895451915055817e-05
-6.738014092750460593e-05
-5.006629609901244027e-05
-2.543131510416666780e-05
1.525878906250000000e-05
4.428645175715469751e-05
3.195611716119475110e-05
8.811051596695901322e-05
1.249217023753130542e-04
1.019050777961878345e-04
1.405658143939364502e-04
2.205074836910750347e-04
2.998326362584162181e-04
3.688568217987154836e-04
4.631838814578084773e-04
5.681715429029879924e-04
7.018015440867012011e-04
7.023666844223480643e-04
7.827450530697582787e-04
8.481215146254189596e-04
9.961369061710818613e-04
1.244670212870893243e-03
1.435173882378469211e-03
1.676668623079753673e-03
1.739938652475271630e-03
1.787102182304818208e-03
1.651340060763888118e-03
1.503915497750946129e-03
1.379122236361003673e-03
1.201257159814286433e-03
1.204391119857426253e-03
1.234831633391201720e-03
1.276138254287667974e-03
1.203389280171507760e-03
1.030379272871949749e-03
9.717331189499170971e-04
8.537729179819037459e-04
7.883964564262430650e-04
7.109979186395212194e-04
7.077355176110059496e-04
7.977983365556606810e-04
8.572408245870166135e-04
8.480701382312730296e-04
7.766055739688559325e-04
7.641211101904465952e-04
7.548219828493255013e-04
6.426159380260934584e-04
5.238337147516805006e-04
5.289456659695856424e-04
5.296649354876841733e-04
4.895913480508148896e-04
3.941340077204304464e-04
3.494365448100759659e-04
3.045335763231238335e-04
2.063275989057228310e-04
1.358648743292288077e-04
1.369437786063743001e-04
1.602686615503982339e-04
2.342506691261579124e-04
3.069739550452439962e-04
