1.146286552870270000e+15
1.146286573140540000e+15
1.146286593410810250e+15
1.146286613681080750e+15
1.146286633951351000e+15
1.146286654221621000e+15
1.146286674491891250e+15
1.146286694762161750e+15
1.146286715032432000e+15
1.146286735302702000e+15
1.146286755572972750e+15
1.146286775843243250e+15
1.146286796113514000e+15
1.146286816383784000e+15
1.146286836654054000e+15
1.146286856924324750e+15
1.146286877194594750e+15
1.146286897464865250e+15
1.146286917735134750e+15
1.146286938005405250e+15
1.146286958275674750e+15
1.146286978545945250e+15
1.146286998816216000e+15
1.146287019086486750e+15
1.146287039356757250e+15
1.146287059627026750e+15
1.146287079897297250e+15
1.146287100167566750e+15
1.146287120437837250e+15
1.146287140708108000e+15
1.146287160978378750e+15
1.146287181248649250e+15
1.146287201518920000e+15
1.146287221789189250e+15
1.146287242059458750e+15
1.146287262329728000e+15
1.146287282600000000e+15
1.146287302870272000e+15
1.146287323140541250e+15
1.146287343410810750e+15
1.146287363681080000e+15
1.146287383951352000e+15
1.146287404221621250e+15
1.146287424491890750e+15
1.146287444762160000e+15
1.146287465032432000e+15
1.146287485302704000e+15
1.146287505572973250e+15
1.146287525843242750e+15
1.146287546113512000e+15
1.146287566383784000e+15
1.146287586654056000e+15
1.146287606924325250e+15
1.146287627194594750e+15
1.146287647464864000e+15
1.146287667735136000e+15
1.146287688005405250e+15
1.146287708275674750e+15
1.146287728545944000e+15
1.146287748816216000e+15
1.146287769086485250e+15
1.146287789356754750e+15
1.146287809627024000e+15
1.146287829897296000e+15
1.146287850167568000e+15
1.146287870437840000e+15
1.146287890708112000e+15
1.146287910978384000e+15
1.146287931248650750e+15
1.146287951518917250e+15
1.146287971789184000e+15
1.146287992059456000e+15
1.146288012329728000e+15
