1.146243797599999750e+15
1.146243812599999750e+15
1.146243827599999750e+15
1.146243842600000000e+15
1.146243857600000000e+15
1.146243872599999750e+15
1.146243887599999750e+15
1.146243902599999750e+15
1.146243917600000000e+15
1.146243932600000000e+15
1.146243947600000000e+15
1.146243962600000000e+15
1.146243977600000000e+15
1.146243992599999250e+15
1.146244007599999250e+15
1.146244022599999250e+15
1.146244037600000000e+15
1.146244052600000000e+15
1.146244067600000000e+15
1.146244082600000000e+15
1.146244097600000000e+15
1.146244112600000000e+15
1.146244127600000000e+15
1.146244142600000000e+15
1.146244157600000000e+15
1.146244172600000000e+15
1.146244187600000000e+15
1.146244202600000000e+15
1.146244217600000000e+15
1.146244232599998750e+15
1.146244247599998750e+15
1.146244262599998750e+15
1.146244277600000000e+15
1.146244292600000000e+15
1.146244307600000000e+15
1.146244322600000000e+15
1.146244337600000000e+15
1.146244352600000000e+15
1.146244367600000000e+15
1.146244382600000000e+15
1.146244397600000000e+15
1.146244412600000000e+15
1.146244427600000000e+15
1.146244442600000000e+15
1.146244457600000000e+15
1.146244472600000000e+15
1.146244487600000000e+15
1.146244502600000000e+15
1.146244517600000000e+15
1.146244532600000000e+15
1.146244547600000000e+15
1.146244562600000000e+15
1.146244577600000000e+15
1.146244592600000000e+15
1.146244607600000000e+15
1.146244622600000000e+15
1.146244637600000000e+15
1.146244652600000000e+15
1.146244667600000000e+15
