1.146272447600000000e+15
1.146272462600000000e+15
1.146272477600000000e+15
1.146272492600000000e+15
1.146272507600000000e+15
1.146272522600000000e+15
1.146272537600000000e+15
1.146272552600000000e+15
1.146272567600000000e+15
1.146272582600000000e+15
1.146272597600000000e+15
1.146272612600000000e+15
1.146272627600000000e+15
1.146272642600000000e+15
1.146272657600000000e+15
1.146272672600000000e+15
1.146272687600000000e+15
1.146272702600000000e+15
1.146272717600000000e+15
1.146272732600000000e+15
1.146272747600000000e+15
1.146272762600000000e+15
1.146272777600000000e+15
1.146272792600000000e+15
1.146272807600000000e+15
1.146272822600000000e+15
1.146272837600000000e+15
1.146272852600000000e+15
1.146272867600000000e+15
1.146272882600000000e+15
1.146272897600000000e+15
1.146272912600000000e+15
1.146272927600000000e+15
1.146272942600000000e+15
1.146272957600000000e+15
1.146272972600000000e+15
1.146272987600000000e+15
1.146273002600000000e+15
1.146273017600000000e+15
1.146273032600000000e+15
1.146273047600000000e+15
1.146273062600000000e+15
1.146273077600000000e+15
1.146273092600000000e+15
1.146273107600000000e+15
1.146273122600000000e+15
1.146273137600000000e+15
1.146273152600000000e+15
1.146273167600000000e+15
1.146273182600000000e+15
1.146273197600000000e+15
1.146273212600000000e+15
1.146273227600000000e+15
1.146273242600000000e+15
1.146273257600000000e+15
1.146273272600000000e+15
1.146273287600000000e+15
1.146273302600000000e+15
1.146273317600000000e+15
