1.146293897600000000e+15
1.146293912600000000e+15
1.146293927600000000e+15
1.146293942600000000e+15
1.146293957600000000e+15
1.146293972600000000e+15
1.146293987600000000e+15
1.146294002600000000e+15
1.146294017600000000e+15
1.146294032600000000e+15
1.146294047600000000e+15
1.146294062600000000e+15
1.146294077600000000e+15
1.146294092600000000e+15
1.146294107600000000e+15
1.146294122600000000e+15
1.146294137600000000e+15
1.146294152600000000e+15
1.146294167600000000e+15
1.146294182600000000e+15
1.146294197600000000e+15
1.146294212600000000e+15
1.146294227600000000e+15
1.146294242600000000e+15
1.146294257600000000e+15
1.146294272600000000e+15
1.146294287600000000e+15
1.146294302600000000e+15
1.146294317600000000e+15
1.146294332600000000e+15
1.146294347600000000e+15
1.146294362600000000e+15
1.146294377600000000e+15
1.146294392600000000e+15
1.146294407600000000e+15
1.146294422600000000e+15
1.146294437600000000e+15
1.146294452600000000e+15
1.146294467600000000e+15
1.146294482600000000e+15
1.146294497600000000e+15
1.146294512600000000e+15
1.146294527600000000e+15
1.146294542600000000e+15
1.146294557600000000e+15
1.146294572600000000e+15
1.146294587600000000e+15
1.146294602600000000e+15
1.146294617600000000e+15
1.146294632600000000e+15
1.146294647600000000e+15
1.146294662600000000e+15
1.146294677600000000e+15
1.146294692600000000e+15
1.146294707600000000e+15
1.146294722600000000e+15
1.146294737600000000e+15
1.146294752600000000e+15
1.146294767600000000e+15
