1.146330347600000000e+15
1.146330362600000000e+15
1.146330377600000000e+15
1.146330392600000000e+15
1.146330407600000000e+15
1.146330422600000000e+15
1.146330437600000000e+15
1.146330452600000000e+15
1.146330467600000000e+15
1.146330482600000000e+15
1.146330497600000000e+15
1.146330512600000000e+15
1.146330527600000000e+15
1.146330542600000000e+15
1.146330557600000000e+15
1.146330572600000000e+15
1.146330587600000000e+15
1.146330602600000000e+15
1.146330617600000000e+15
1.146330632600000000e+15
1.146330647600000000e+15
1.146330662600000000e+15
1.146330677600000000e+15
1.146330692600000000e+15
1.146330707600000000e+15
1.146330722600000000e+15
1.146330737600000000e+15
1.146330752600000000e+15
1.146330767600000000e+15
1.146330782600000000e+15
1.146330797600000000e+15
1.146330812600000000e+15
1.146330827600000000e+15
1.146330842600000000e+15
1.146330857600000000e+15
1.146330872600000000e+15
1.146330887600000000e+15
1.146330902600000000e+15
1.146330917600000000e+15
1.146330932600000000e+15
1.146330947600000000e+15
1.146330962600000000e+15
1.146330977600000000e+15
1.146330992600000000e+15
1.146331007600000000e+15
1.146331022600000000e+15
1.146331037600000000e+15
1.146331052600000000e+15
1.146331067600000000e+15
1.146331082600000000e+15
1.146331097600000000e+15
1.146331112600000000e+15
1.146331127600000000e+15
1.146331142600000000e+15
1.146331157600000000e+15
1.146331172600000000e+15
1.146331187600000000e+15
1.146331202600000000e+15
1.146331217600000000e+15
1.146331232600000000e+15
1.146331247600000000e+15
1.146331262600000000e+15
1.146331277600000000e+15
1.146331292600000000e+15
1.146331307600000000e+15
1.146331322600000000e+15
1.146331337600000000e+15
1.146331352600000000e+15
1.146331367600000000e+15
1.146331382600000000e+15
1.146331397600000000e+15
1.146331412600000000e+15
1.146331427600000000e+15
1.146331442600000000e+15
1.146331457600000000e+15
1.146331472600000000e+15
1.146331487600000000e+15
1.146331502600000000e+15
1.146331517600000000e+15
1.146331532600000000e+15
1.146331547600000000e+15
1.146331562600000000e+15
1.146331577600000000e+15
1.146331592600000000e+15
1.146331607600000000e+15
1.146331622600000000e+15
1.146331637600000000e+15
1.146331652600000000e+15
1.146331667600000000e+15
1.146331682600000000e+15
1.146331697600000000e+15
1.146331712600000000e+15
1.146331727600000000e+15
1.146331742600000000e+15
1.146331757600000000e+15
1.146331772600000000e+15
1.146331787600000000e+15
1.146331802600000000e+15
1.146331817600000000e+15
1.146331847906122500e+15
1.146331863212245000e+15
1.146331878518367500e+15
1.146331893824489750e+15
1.146331909130612250e+15
1.146331924436735000e+15
1.146331939742857750e+15
1.146331955048980000e+15
1.146331970355102000e+15
1.146331985661224750e+15
1.146332000967347250e+15
1.146332016273470000e+15
1.146332031579592000e+15
1.146332046885714000e+15
1.146332062191836750e+15
1.146332077497958750e+15
1.146332092804081250e+15
1.146332108110204000e+15
1.146332123416326750e+15
1.146332138722449250e+15
1.146332154028572000e+15
1.146332169334694750e+15
1.146332184640817250e+15
1.146332199946938750e+15
1.146332215253061250e+15
1.146332230559182750e+15
1.146332245865305250e+15
1.146332261171428000e+15
1.146332276477550750e+15
1.146332291783673250e+15
1.146332307089796000e+15
1.146332322395918750e+15
1.146332337702040000e+15
1.146332353008162750e+15
1.146332368314285250e+15
1.146332383620408000e+15
1.146332398926530750e+15
1.146332414232653250e+15
1.146332429538776000e+15
1.146332444844898750e+15
1.146332460151021250e+15
1.146332475457144000e+15
1.146332490763264000e+15
1.146332506069386750e+15
1.146332521375509250e+15
1.146332536681632000e+15
1.146332551987754750e+15
1.146332567293877250e+15
