4.489808575794856926e-02
6.158760159730977679e-02
3.010915535225126838e-02
3.996844228938280924e-02
9.793629801613208674e-02
1.092804173233135473e-01
1.463418332797598032e-01
1.009059627562319122e-01
1.673670596396668042e-01
1.526969158235734758e-01
1.481830254186216889e-01
1.010841426406379057e-01
1.175360853007911405e-01
1.619622698126850502e-01
2.289579063493378808e-01
3.008237930597545406e-01
3.744714786142310792e-01
4.393883498328139403e-01
4.921889889117894157e-01
4.784097445177261099e-01
5.419011766610611902e-01
6.688840409477311288e-01
7.403935678893358574e-01
7.771580173717719253e-01
7.626066601452826665e-01
8.170703114787140064e-01
8.042413598014825915e-01
8.337004340232733179e-01
9.220182633938431849e-01
1.066462756352300367e+00
1.163392613469159675e+00
9.545063956505356328e-01
8.300180497455496020e-01
7.481740895083973664e-01
9.455380081354340938e-01
9.523682370376637119e-01
1.000061052763667524e+00
9.129310892891376872e-01
9.542688224713277156e-01
9.164946869772574445e-01
9.537936761129116592e-01
9.186922388849313448e-01
7.902839355230134588e-01
7.286336955185402919e-01
6.690622208321370668e-01
7.251888844200244932e-01
6.755954832603567883e-01
7.234664788707665384e-01
5.135705750405084036e-01
5.257462004749178242e-01
4.071971840501314444e-01
4.447337463649936873e-01
3.719175669377450810e-01
3.055158633491122377e-01
2.091205458854708266e-01
2.129811100476006192e-01
1.456885070369378088e-01
2.214149579094842613e-01
8.991820321786245240e-02
1.253760002146547814e-01
7.245657454607527803e-02
1.079737648376696002e-01
8.190010841959283194e-02
4.531383882156255621e-02
1.054198531611837270e-01
6.889297685795543746e-02
3.925572275175884251e-02
5.208467442899023664e-02
3.800846356091690248e-02
4.590777176958251576e-02
3.379153962997508837e-02
3.509819211561903546e-02
-7.159646499852755953e-04
