-1.678612361334907641e-02
1.878343676059133355e-02
6.710434896669913163e-02
1.894166579884094259e-01
4.004850869998106688e-01
4.199476766383818394e-01
3.531708604646633942e-01
2.944475296586297475e-01
2.340463894009950085e-01
3.541775461356239108e-01
2.796828064845412465e-01
2.736426924587778142e-01
5.085360156829126232e-01
6.325261341562239403e-01
8.383933538676622277e-01
7.773210898293871907e-01
7.320202346361611712e-01
8.565136959449524134e-01
9.085257889445824686e-01
9.602023200538920555e-01
1.124292084420466242e+00
9.486254348378453383e-01
1.127479922378508137e+00
1.008523232259999736e+00
9.405719494701606509e-01
8.801708092125259952e-01
6.561832474237973001e-01
9.776515383505419710e-01
9.638935008474143196e-01
9.628868151764534700e-01
6.545054379721962912e-01
6.469552954399919731e-01
7.177588542975527064e-01
6.404118385787483936e-01
4.021628964514116222e-01
3.550164508614246928e-01
3.293459662519300779e-01
3.786735641289981635e-01
2.714615401716963805e-01
2.461266174525216510e-01
1.635783924337545214e-01
3.707155978304172567e-02
1.184453181856884446e-01
1.526726309983478802e-01
2.181071996107856736e-01
1.615650210918332941e-01
9.462042397295490626e-02
9.311039546651404819e-02
1.248209941017722480e-01
8.186907214078754935e-02
8.690250049559040957e-02
4.999069256036919873e-02
6.911772030862024796e-02
6.878215841830000177e-02
-3.238975151323800900e-02
-1.031933103707986521e-01
-1.493330702898251761e-01
-1.416151468124606794e-01
-9.547538689343423868e-02
