2.308915101807509362e-01
1.939619994323356633e-01
1.673779899219516032e-01
2.277485730957794219e-01
1.574253558195417846e-01
3.424657766972397099e-01
4.338728635851611948e-01
5.045889479970203650e-01
4.281108122627135248e-01
2.553802283011539775e-01
2.384869414694320844e-01
4.835050783853364620e-01
6.069963146823422750e-01
7.489523063535556968e-01
8.149539851379573596e-01
8.183588336466766089e-01
1.040852588120285471e+00
9.243020045525917050e-01
1.048317063697092655e+00
1.225893008997983147e+00
1.028542751204146510e+00
1.035352448221584787e+00
7.642741246427917634e-01
9.730175293696498029e-01
1.115628299600232465e+00
9.816606063533213078e-01
1.068877110461280866e+00
8.233351506978812129e-01
7.789411643726589229e-01
7.011534715196144907e-01
6.961771544684094426e-01
8.141682508667147378e-01
7.082250799607999747e-01
7.627026561003060756e-01
7.962273183400020438e-01
6.779743105179492080e-01
6.131512331404116445e-01
5.417803701691834561e-01
5.458399972372710574e-01
5.742573867138881516e-01
5.145415820994290179e-01
4.550876889087183130e-01
2.957145875582879446e-01
2.242127688751867076e-01
2.401893657237916813e-01
2.468681070293566315e-01
1.521871273445895290e-01
1.881999481098881322e-01
1.202339336473783743e-01
2.054861020772311975e-01
1.631874071419893435e-01
1.713066612781666831e-01
9.731668406946226979e-02
1.207577564948755372e-01
6.143481901603797118e-02
9.332801303353371230e-04
-9.977166230062767260e-02
-7.397338706148673393e-02
4.048190511622665883e-02
