4.669617319663546540e-02
1.866786367151658521e-02
-1.411856736449780894e-02
3.071185874597084919e-02
6.045011818906780715e-02
7.754961736884855017e-02
8.557894741848473541e-02
1.054292355967519634e-01
1.131611830519571732e-01
1.077339507035919713e-01
1.119716526742332990e-01
1.788083907725936950e-01
2.260178776385101118e-01
2.289173579342120568e-01
2.217801756678687841e-01
2.631907019423813110e-01
2.857174334705271934e-01
3.353059810918914141e-01
3.552306149187664519e-01
4.617679293736613455e-01
4.648904466151865256e-01
5.164119811003520244e-01
5.252591132846732291e-01
6.097901157516761872e-01
6.134330525334555917e-01
5.615397898052514325e-01
6.138791264251021174e-01
7.202677495827818355e-01
8.360239244650365942e-01
8.731967487689078489e-01
9.546795796429934367e-01
9.094030796408785200e-01
9.065779449937841905e-01
8.304480008194559115e-01
9.564638752095792062e-01
1.027315278332757931e+00
1.009695359612723164e+00
1.012594839908424804e+00
9.815183587903882900e-01
9.963874885119368141e-01
9.770576198739238105e-01
9.653853530425077212e-01
9.344575632216871597e-01
8.733454400661224692e-01
8.814491157643667973e-01
8.879171871932395321e-01
8.359495788164278407e-01
7.865840681408872159e-01
8.076982323454858781e-01
8.034605303748453276e-01
6.853996403857509634e-01
6.174477175582745447e-01
5.446633275712937650e-01
5.459272035976245885e-01
4.451145040855256085e-01
4.227364638545962339e-01
3.503981477592634786e-01
3.237824055576921656e-01
3.092106584305743811e-01
