2.846708408894661479e-01
2.874295332602229691e-01
3.228727330671202767e-01
3.468613623780490429e-01
3.820047043185597069e-01
4.008957499009161429e-01
4.218858005479789175e-01
4.389776989320156586e-01
4.774794489760563199e-01
4.513918146004212706e-01
4.765199038036192491e-01
4.899535362177394049e-01
5.363115623611092175e-01
5.620393672970803722e-01
5.543630059175832514e-01
6.304669324065047542e-01
6.699881991962600702e-01
7.189849745638320355e-01
7.057912284428212724e-01
7.218036385078662187e-01
7.358369866547596061e-01
7.862131082077101762e-01
8.088823629065379217e-01
8.232155689198177306e-01
8.493631748687302530e-01
8.697535097830194628e-01
9.182105409910957805e-01
9.400401936640411238e-01
9.790217162943002371e-01
9.923354055618657243e-01
9.565923478885819398e-01
9.173109673919359608e-01
9.191700861635330178e-01
9.475966118969836316e-01
9.965334156912782904e-01
1.006128867415649886e+00
1.008647673493297425e+00
9.756633081907704064e-01
9.699060371561474270e-01
9.912559172428739851e-01
1.028918065261032133e+00
1.052546865132297116e+00
1.059983340218684900e+00
1.085771116727933361e+00
1.035994710907756300e+00
1.042771498688093601e+00
1.024000396252291889e+00
1.061962402136836570e+00
1.004149805497498216e+00
9.702658665958113771e-01
9.834596127168220292e-01
9.997119090749764236e-01
1.020282158709097775e+00
9.793815457339641872e-01
1.000791397393968163e+00
9.802211477598465894e-01
9.864581913806883540e-01
9.345228089225272594e-01
9.475366403237062141e-01
9.650483397206843783e-01
9.880774238591759628e-01
9.909560593764874525e-01
9.756633081907704064e-01
9.353024393751325771e-01
9.104142364650438246e-01
8.881647827791574468e-01
9.247474424783239666e-01
9.234280678662227793e-01
9.179706546979863324e-01
8.795288762272230887e-01
8.767102122831890165e-01
8.554802753430170714e-01
8.550604743300757038e-01
8.837868579299128502e-01
8.897840152576451667e-01
8.827673411841984175e-01
8.438457901272163886e-01
8.449852500194856564e-01
8.728720315934402896e-01
8.804284498263829084e-01
9.114337532107584794e-01
8.515221515067138425e-01
8.197971892430103713e-01
7.898713741776265396e-01
8.303521861398189818e-01
8.155991791135976943e-01
7.573068098880407772e-01
7.193448040034959856e-01
7.154466517404700632e-01
7.849537051688864064e-01
7.976077071304010779e-01
8.016258025399818354e-01
7.230630415466899885e-01
7.112486416110574972e-01
6.908583066967680653e-01
7.029725644987870892e-01
6.669296489591166610e-01
6.489981485491972402e-01
6.493579779888611903e-01
6.530162439587778866e-01
6.719072895411343227e-01
6.642309281616370908e-01
7.076503472144182183e-01
6.935570274942475244e-01
6.689686824505455265e-01
6.173931294320486041e-01
6.449800531396167047e-01
6.563146804890306329e-01
6.319062501651605546e-01
5.978423965436415743e-01
5.811103275992687278e-01
5.910656087633042732e-01
5.883668879658248141e-01
5.435081511543878863e-01
5.298346324471584490e-01
5.214386121883334280e-01
5.329531542575792757e-01
5.295347745807719164e-01
5.309141207661501882e-01
5.245571339987541437e-01
5.359517329214452674e-01
5.340326425765711260e-01
5.268960253565696528e-01
4.972700681575725756e-01
4.783190510019388886e-01
4.911529676832857572e-01
4.869549575538732467e-01
4.920525412824455769e-01
4.720820073810973461e-01
4.983495564765643704e-01
4.955908641058076047e-01
4.912729108298404257e-01
4.846760377693349886e-01
4.735812967130305084e-01
4.890539626185795852e-01
4.699230307431137565e-01
4.347197172293257861e-01
4.257839528110047844e-01
4.291423609145348372e-01
4.516317008935306632e-01
4.302818208068039385e-01
4.214659995350376054e-01
4.169681315392384513e-01
4.227853741471387372e-01
4.061732483493205037e-01
3.860827713014176599e-01
3.664120952664560171e-01
