1.145242592448979250e+15
1.145242641428571250e+15
1.145242690408163250e+15
1.145242739387755000e+15
1.145242788367346750e+15
1.145242837346938500e+15
1.145242886326530250e+15
1.145242935306122250e+15
1.145242984285714000e+15
1.145243033265306000e+15
1.145243082244897750e+15
1.145243131224489250e+15
1.145243180204081000e+15
1.145243229183672750e+15
1.145243278163264250e+15
1.145243327142856000e+15
1.145243376122448000e+15
1.145243425102040000e+15
1.145243474081632000e+15
1.145243523061224000e+15
1.145243572040816000e+15
1.145243621020408000e+15
1.145243670000000000e+15
1.145243718979592000e+15
1.145243767959184000e+15
1.145243816938776000e+15
1.145243865918368000e+15
1.145243914897959250e+15
1.145243963877550750e+15
1.145244012857142000e+15
1.145244061836733250e+15
1.145244110816324750e+15
1.145244159795916000e+15
1.145244208775508000e+15
1.145244257755100000e+15
1.145244306734692000e+15
1.145244355714284000e+15
1.145244404693876000e+15
1.145244453673468000e+15
1.145244502653060000e+15
1.145244551632652000e+15
1.145244600612244000e+15
1.145244649591836000e+15
1.145244698571428000e+15
1.145244747551020000e+15
1.145264219448979750e+15
1.145264268428571500e+15
1.145264317408163250e+15
1.145264366387755000e+15
1.145264415367346750e+15
1.145264464346938500e+15
1.145264513326530250e+15
1.145264562306122250e+15
1.145264611285714000e+15
1.145264660265306000e+15
1.145264709244898000e+15
1.145264758224489750e+15
1.145264807204081250e+15
1.145264856183673000e+15
1.145264905163264750e+15
1.145264954142856250e+15
1.145265003122448000e+15
1.145265052102040000e+15
1.145265101081632000e+15
1.145265150061224000e+15
1.145265199040816000e+15
1.145265248020408000e+15
1.145265297000000000e+15
1.145265345979592000e+15
1.145265394959184000e+15
1.145265443938776000e+15
1.145265492918367250e+15
1.145265541897958750e+15
1.145265590877550000e+15
1.145265639857141250e+15
1.145265688836732750e+15
1.145265737816324000e+15
1.145265786795916000e+15
1.145265835775508000e+15
1.145265884755100000e+15
1.145265933734692000e+15
1.145265982714284000e+15
1.145266031693876000e+15
1.145266080673468000e+15
1.145266129653060000e+15
1.145266178632652000e+15
1.145266227612244000e+15
1.145266276591836000e+15
1.145266325571428000e+15
1.145266374551020000e+15
1.145257217448979750e+15
1.145257266428571500e+15
1.145257315408163250e+15
1.145257364387755000e+15
1.145257413367346750e+15
1.145257462346938500e+15
1.145257511326530250e+15
1.145257560306122250e+15
1.145257609285714000e+15
1.145257658265306000e+15
1.145257707244898000e+15
1.145257756224489750e+15
1.145257805204081250e+15
1.145257854183673000e+15
1.145257903163264750e+15
1.145257952142856250e+15
1.145258001122448000e+15
1.145258050102040000e+15
1.145258099081632000e+15
1.145258148061224000e+15
1.145258197040816000e+15
1.145258246020408000e+15
1.145258295000000000e+15
1.145258343979592000e+15
1.145258392959184000e+15
1.145258441938776000e+15
1.145258490918367250e+15
1.145258539897958750e+15
1.145258588877550000e+15
1.145258637857141250e+15
1.145258686836732750e+15
1.145258735816324000e+15
1.145258784795916000e+15
1.145258833775508000e+15
1.145258882755100000e+15
1.145258931734692000e+15
1.145258980714284000e+15
1.145259029693876000e+15
1.145259078673468000e+15
1.145259127653060000e+15
1.145259176632652000e+15
1.145259225612244000e+15
1.145259274591836000e+15
1.145259323571428000e+15
1.145259372551020000e+15
1.145271683448979750e+15
1.145271732428571500e+15
1.145271781408163250e+15
1.145271830387755000e+15
1.145271879367346750e+15
1.145271928346938500e+15
1.145271977326530250e+15
1.145272026306122250e+15
1.145272075285714000e+15
1.145272124265306000e+15
1.145272173244898000e+15
1.145272222224489750e+15
1.145272271204081250e+15
1.145272320183673000e+15
1.145272369163264750e+15
1.145272418142856250e+15
1.145272467122448000e+15
1.145272516102040000e+15
1.145272565081632000e+15
1.145272614061224000e+15
1.145272663040816000e+15
1.145272712020408000e+15
1.145272761000000000e+15
1.145272809979592000e+15
1.145272858959184000e+15
1.145272907938776000e+15
1.145272956918367250e+15
1.145273005897958750e+15
1.145273054877550000e+15
1.145273103857141250e+15
1.145273152836732750e+15
1.145273201816324000e+15
1.145273250795916000e+15
1.145273299775508000e+15
1.145273348755100000e+15
1.145273397734692000e+15
1.145273446714284000e+15
1.145273495693876000e+15
1.145273544673468000e+15
1.145273593653060000e+15
1.145273642632652000e+15
1.145273691612244000e+15
1.145273740591836000e+15
1.145273789571428000e+15
1.145273838551020000e+15
1.145286083448979750e+15
1.145286132428571500e+15
1.145286181408163250e+15
1.145286230387755000e+15
1.145286279367346750e+15
1.145286328346938500e+15
1.145286377326530250e+15
1.145286426306122250e+15
1.145286475285714000e+15
1.145286524265306000e+15
1.145286573244898000e+15
1.145286622224489750e+15
1.145286671204081250e+15
1.145286720183673000e+15
1.145286769163264750e+15
1.145286818142856250e+15
1.145286867122448000e+15
1.145286916102040000e+15
1.145286965081632000e+15
1.145287014061224000e+15
1.145287063040816000e+15
1.145287112020408000e+15
1.145287161000000000e+15
1.145287209979592000e+15
1.145287258959184000e+15
1.145287307938776000e+15
1.145287356918367250e+15
1.145287405897958750e+15
1.145287454877550000e+15
1.145287503857141250e+15
1.145287552836732750e+15
1.145287601816324000e+15
1.145287650795916000e+15
1.145287699775508000e+15
1.145287748755100000e+15
1.145287797734692000e+15
1.145287846714284000e+15
1.145287895693876000e+15
1.145287944673468000e+15
1.145287993653060000e+15
1.145288042632652000e+15
1.145288091612244000e+15
1.145288140591836000e+15
1.145288189571428000e+15
1.145288238551020000e+15
1.145300444448979750e+15
1.145300493428571500e+15
1.145300542408163250e+15
1.145300591387755000e+15
1.145300640367346750e+15
1.145300689346938500e+15
1.145300738326530250e+15
1.145300787306122250e+15
1.145300836285714000e+15
1.145300885265306000e+15
1.145300934244898000e+15
1.145300983224489750e+15
1.145301032204081250e+15
1.145301081183673000e+15
1.145301130163264750e+15
1.145301179142856250e+15
1.145301228122448000e+15
1.145301277102040000e+15
1.145301326081632000e+15
1.145301375061224000e+15
1.145301424040816000e+15
1.145301473020408000e+15
1.145301522000000000e+15
1.145301570979592000e+15
1.145301619959184000e+15
1.145301668938776000e+15
1.145301717918367250e+15
1.145301766897958750e+15
1.145301815877550000e+15
1.145301864857141250e+15
1.145301913836732750e+15
1.145301962816324000e+15
1.145302011795916000e+15
1.145302060775508000e+15
1.145302109755100000e+15
1.145302158734692000e+15
1.145302207714284000e+15
1.145302256693876000e+15
1.145302305673468000e+15
1.145302354653060000e+15
1.145302403632652000e+15
1.145302452612244000e+15
1.145302501591836000e+15
1.145302550571428000e+15
1.145302599551020000e+15
1.145314802448979750e+15
1.145314851428571500e+15
1.145314900408163250e+15
1.145314949387755000e+15
1.145314998367346750e+15
1.145315047346938500e+15
1.145315096326530250e+15
1.145315145306122250e+15
1.145315194285714000e+15
1.145315243265306000e+15
1.145315292244898000e+15
1.145315341224489750e+15
1.145315390204081250e+15
1.145315439183673000e+15
1.145315488163264750e+15
1.145315537142856250e+15
1.145315586122448000e+15
1.145315635102040000e+15
1.145315684081632000e+15
1.145315733061224000e+15
1.145315782040816000e+15
1.145315831020408000e+15
1.145315880000000000e+15
1.145315928979592000e+15
1.145315977959184000e+15
1.145316026938776000e+15
1.145316075918367250e+15
1.145316124897958750e+15
1.145316173877550000e+15
1.145316222857141250e+15
1.145316271836732750e+15
1.145316320816324000e+15
1.145316369795916000e+15
1.145316418775508000e+15
1.145316467755100000e+15
1.145316516734692000e+15
1.145316565714284000e+15
1.145316614693876000e+15
1.145316663673468000e+15
1.145316712653060000e+15
1.145316761632652000e+15
1.145316810612244000e+15
1.145316859591836000e+15
1.145316908571428000e+15
1.145316957551020000e+15
1.145329199448979750e+15
1.145329248428571500e+15
1.145329297408163250e+15
1.145329346387755000e+15
1.145329395367346750e+15
1.145329444346938500e+15
1.145329493326530250e+15
1.145329542306122250e+15
1.145329591285714000e+15
1.145329640265306000e+15
1.145329689244898000e+15
1.145329738224489750e+15
1.145329787204081250e+15
1.145329836183673000e+15
1.145329885163264750e+15
1.145329934142856250e+15
1.145329983122448000e+15
1.145330032102040000e+15
1.145330081081632000e+15
1.145330130061224000e+15
1.145330179040816000e+15
1.145330228020408000e+15
1.145330277000000000e+15
1.145330325979592000e+15
1.145330374959184000e+15
1.145330423938776000e+15
1.145330472918367250e+15
1.145330521897958750e+15
1.145330570877550000e+15
1.145330619857141250e+15
1.145330668836732750e+15
1.145330717816324000e+15
1.145330766795916000e+15
1.145330815775508000e+15
1.145330864755100000e+15
1.145330913734692000e+15
1.145330962714284000e+15
1.145331011693876000e+15
1.145331060673468000e+15
1.145331109653060000e+15
1.145331158632652000e+15
1.145331207612244000e+15
1.145331256591836000e+15
1.145331305571428000e+15
1.145331354551020000e+15
