6.383516973116583673e-05
-8.266461818707908880e-05
-4.158919106428868285e-05
-1.130023789325546865e-04
-1.260519830466119305e-04
-1.118207218671085792e-04
-4.595618456702438200e-05
-1.967715895938554243e-05
-2.080743963068187085e-05
6.393792251946546230e-05
4.161487926136362651e-05
2.142395636047974620e-05
1.208372790404039918e-04
1.174464370265151421e-04
2.273919205071548398e-04
3.211795280276725259e-04
4.458957248263888226e-04
6.397131717566286466e-04
7.162896872369527287e-04
9.994249953966750834e-04
1.209297565498737266e-03
1.366098320444023365e-03
1.558348787352693441e-03
1.688074182581018358e-03
1.762107566550925918e-03
1.651417125355113735e-03
1.498983363912563017e-03
1.385390156447285047e-03
1.107186982125946779e-03
8.722170434816916640e-04
6.685610170717587453e-04
5.025895757707274369e-04
3.967798920191493994e-04
2.947463732375840413e-04
3.024528323600586825e-04
2.267754037773567070e-04
1.680264970670246327e-04
1.994945384837966266e-04
1.737035886205806764e-04
8.233067162510532267e-05
2.825701678245880486e-07
-3.208455814656940164e-05
-6.702050616845534048e-05
-1.582392939814813439e-04
-1.703641230008413887e-04
2.591939084859006201e-05
-1.911201862373736806e-05
-4.264240714436012608e-06
-1.482208971222639993e-05
-1.235602279303449027e-05
2.440378722117027410e-06
4.554517341382577133e-05
4.844793968329127429e-05
3.542402376630897392e-05
4.855069247159095406e-05
8.253617720170460090e-05
1.101509890572391522e-04
9.134722879840073532e-05
1.728301899200337304e-04
1.893220124421296708e-04
1.697476062710438251e-04
2.136230468750000813e-04
2.272634795217802570e-04
3.208198932686237483e-04
3.476126828177609021e-04
4.361598981349956651e-04
6.137680927109637934e-04
7.053978916771883262e-04
7.109208540482953856e-04
6.798381355876472213e-04
6.733647099247684663e-04
6.193938078703703021e-04
4.468461881181606810e-04
3.376456623526936582e-04
3.586586075599748039e-04
2.849591701520411591e-04
1.608081136889729995e-04
1.135161428740530040e-04
8.949767860900667560e-05
2.897628630050500670e-05
-5.630852798821564526e-05
-2.679278954913731636e-05
4.726628261784501789e-05
2.748637087015998966e-06
2.111569799558097454e-05
4.472315110742863808e-05
3.246988110269394956e-05
-9.401880129418735771e-06
-3.814697265624970862e-05
1.759641499631762335e-05
-1.713659626867634867e-04
-1.225840764414983582e-04
-1.261547358349116509e-04
-1.544117526173190212e-04
-1.203748914930555209e-04
-3.606622869318177937e-05
2.080743963068204958e-06
-8.803345137573648617e-05
-9.317109079071963455e-05
-6.339847038089221464e-05
-8.847015072601008116e-05
-9.450687703861533606e-05
-8.425728640572387456e-05
4.562223800505050067e-05
7.521504103535354535e-05
5.528100010521883398e-05
1.622980291193182139e-04
1.988266453598485251e-04
2.861408272174874290e-04
2.712159847169613443e-04
2.980087742660985522e-04
3.976019143255472171e-04
3.449411103219697430e-04
3.294768156828704105e-04
2.617884163904672396e-04
2.398763842855640416e-04
2.499204693418561165e-04
1.865219989609638205e-04
1.915311973905724132e-04
1.910944980402988318e-04
1.142611005892255841e-04
1.428263757365319530e-04
1.194244282012836626e-04
4.438920454545458057e-05
1.803311434659091679e-05
1.733953302556816981e-05
3.827541364162421855e-06
-7.655082728324916555e-06
-1.302391591698233256e-05
4.495434488110267024e-05
1.692852187236950493e-05
1.076335457438974687e-05
4.631581932607324766e-05
1.243308738425925179e-05
-1.947165338278616933e-05
-3.141666502262207943e-05
8.497655592382153810e-05
1.025986591172137798e-04
9.473807081228954440e-05
8.811051596696127650e-05
4.834518689499158096e-05
3.593778770780722370e-05
-9.170686355744979749e-06
-7.210676918928876416e-05
-9.972158104482328831e-05
-1.538466122816709383e-04
-1.510722869975800317e-04
-1.133620136916035996e-04
-1.105876884075126387e-04
-3.054326632207491656e-05
1.636338153672138476e-05
4.623875473484849799e-05
8.084075619476013537e-05
1.327566024831650429e-04
2.328635064841119847e-04
2.969041817918770861e-04
3.373887803819444384e-04
3.648494630550293684e-04
4.444828739872684121e-04
4.257048019255049525e-04
4.495948252051766981e-04
4.152753939130891564e-04
3.419869676583543391e-04
3.106987436211068967e-04
1.738320296059553405e-04
1.168812966908670050e-04
4.261671894728533827e-05
3.570659393413328726e-06
-3.133960043139675293e-06
-1.808449074074067536e-05
3.313777422664148861e-05
3.976532907196974297e-05
9.222062749894826411e-06
-6.162598478272308077e-05
-9.096190584227691923e-05
-8.443710378524833110e-05
-9.448118884154041951e-05
-7.141318786826600362e-05
-6.160029658564816421e-05
-4.390112880103116602e-05
1.623494055134678843e-05
1.400006740582907017e-05
-1.533585365372480726e-05
4.038184580176762509e-05
4.125524450231478796e-05
1.895788944128786195e-05
-2.301662457912461327e-05
2.771756464383416327e-05
-3.339465619739068720e-06
-4.161487926136363328e-05
-7.154162885364058640e-05
-1.108959467724116238e-04
-7.154162885364055929e-05
-6.622417205913299504e-05
2.170652652830388251e-05
9.016557173295457379e-05
2.081771490951178801e-04
2.801811654961068967e-04
3.661338729087753045e-04
4.505196002998738025e-04
5.735403760916456609e-04
6.103772506970749166e-04
6.350379198889940504e-04
6.333681870791244744e-04
6.259442981244738068e-04
5.886707241687708612e-04
4.487214265046295353e-04
3.671100243976220252e-04
2.849848583491161841e-04
2.478140371817130132e-04
2.157808554292929906e-04
1.075821693497474967e-04
8.877840909090916114e-05
7.752697877209599464e-05
6.216543692129632842e-05
1.003124095775463284e-04
8.644078315709182239e-05
8.274168277830398755e-05
6.339847038089232306e-05
4.441489274252949712e-05
1.846981369686449823e-05
-1.023931535406145016e-04
-1.193987400042088274e-04
-4.826812230376683130e-05
-5.492136534617000221e-05
-6.822785143097643212e-05
-7.549761120317760035e-05
-6.450306285511364006e-05
-1.387933287957702165e-04
-9.473807081228955795e-05
-1.076335457438971976e-05
2.417259344749578371e-05
4.289928911510942715e-05
8.153433751578282815e-05
1.178060717855639738e-04
3.095427747527358144e-05
-1.798173795244106335e-05
-6.499113859953689367e-06
-3.758183232060185612e-05
-1.212996665877525169e-04
-1.261804240319865404e-04
-7.018015440867006319e-05
-2.532856231586705579e-05
-5.260942760942764778e-05
7.655082728324889450e-06
9.365916653514308975e-05
1.477841977719907397e-04
1.454979482323232477e-04
1.672044747606271674e-04
2.958509657118055616e-04
3.274474481139520027e-04
3.825486308396464953e-04
4.135285965119949933e-04
4.058735137836700225e-04
3.629228482744107352e-04
2.380525222932449120e-04
1.835421681002735001e-04
7.876001223169184020e-05
-1.569548841277365259e-05
-4.611031374947398975e-05
-7.300585608691083004e-05
-6.080396247632582554e-05
-5.129932955860691703e-05
-5.001491970486108928e-05
7.226089837173824994e-05
9.047383009785357245e-05
1.228923348063973298e-04
1.288519965277778350e-04
1.025986591172138341e-04
1.260262948495370682e-04
-8.474536215014732976e-05
-8.644078315709176818e-05
-6.591591369423403703e-05
-3.771027330597646600e-05
-8.060956242108588638e-05
-2.915610368002949373e-05
3.729926215277776046e-05
5.679660373263887684e-05
1.020078305844907533e-04
1.176519426031144745e-04
9.967020465067341455e-05
-9.016557173295421126e-06
-6.660949501525668915e-05
6.781684027777794342e-06
-2.720380070233584572e-05
-5.900578868108163959e-05
2.635609019886365022e-05
1.125913677793560622e-04
1.828228985821759179e-04
5.461310698127105098e-05
9.566284590698654038e-05
2.193258266256313397e-04
2.304488159590698828e-04
2.350726914325547542e-04
2.728600293297558954e-04
3.703981136232112358e-04
4.105230774542298106e-04
3.139097682554714119e-04
2.814398871527778079e-04
3.145519731823442715e-04
2.770472054529671854e-04
2.184267397280093145e-04
1.754246978246001669e-04
1.457291420059974967e-04
7.408476036405724403e-05
-1.469364872685183579e-05
-8.086644439183499772e-05
-8.317838212857741990e-05
-9.864267676767675234e-05
-9.170686355744949933e-05
-1.859825468223908100e-05
1.035234342119108199e-05
4.559654980797558411e-05
4.888463903356476086e-05
5.445897779882092823e-06
2.748637087016003624e-06
-1.767347958754207147e-05
-1.120005392466328426e-05
-6.776546388362793413e-05
-1.408740727588383762e-04
-3.203318175242004964e-05
-6.003331656407828824e-05
-1.292116312868267989e-05
-1.741659761679294658e-05
1.358905625263045950e-05
6.717463535090488047e-05
4.128093269938970452e-05
2.566250887784087952e-05
1.988266453598481727e-05
3.218731093486948798e-05
4.295066550925921283e-05
-1.055784899779044831e-05
2.098725701020619187e-05
3.747907953230216279e-05
5.242961022990319124e-05
6.113790903829966622e-05
1.132335727062289355e-04
2.083312782775672981e-04
2.705994679871632385e-04
3.276272654934763644e-04
3.804165104824284212e-04
4.251139733927819259e-04
4.290442675452439962e-04
3.587870485453492782e-04
2.760453657670453856e-04
1.840302438446969147e-04
1.432630750868055074e-04
8.325544671980216957e-05
5.828651916298400315e-05
6.393792251946550295e-05
5.659109815603957828e-05
7.033428359111957608e-05
-3.329190340909091340e-05
-5.615439880576599685e-05
-8.238204801925507446e-05
-1.199125039457070771e-04
-9.019125993002949035e-05
-4.038184580176774029e-05
2.920748007417925569e-05
5.314887974800075991e-05
