0.000000000000000000e+00,9.000000000000000000e+00,0.000000000000000000e+00,8.000000000000000000e+00,3.823317008066860581e+04,1.146201603561569982e+03,3.820672011871899940e+02,3.500000000000000000e+01
0.000000000000000000e+00,9.000000000000000000e+00,0.000000000000000000e+00,8.000000000000000000e+00,3.823347526410123828e+04,1.146210752730710965e+03,3.820702509102370072e+02,3.700000000000000000e+01
0.000000000000000000e+00,8.000000000000000000e+00,0.000000000000000000e+00,7.000000000000000000e+00,3.823364171065148548e+04,1.146215742672753322e+03,3.820719142242510884e+02,3.500000000000000000e+01
0.000000000000000000e+00,8.000000000000000000e+00,0.000000000000000000e+00,7.000000000000000000e+00,3.823393597993437288e+04,1.146224564643916437e+03,3.820748548813054981e+02,3.700000000000000000e+01
0.000000000000000000e+00,7.000000000000000000e+00,0.000000000000000000e+00,6.000000000000000000e+00,3.823411525276921020e+04,1.146229939108297231e+03,3.820766463694324102e+02,3.500000000000000000e+01
0.000000000000000000e+00,7.000000000000000000e+00,0.000000000000000000e+00,6.000000000000000000e+00,3.823439854044697859e+04,1.146238431859221237e+03,3.820794772864070978e+02,3.700000000000000000e+01
0.000000000000000000e+00,6.000000000000000000e+00,0.000000000000000000e+00,5.000000000000000000e+00,3.823459067602636060e+04,1.146244191938982567e+03,3.820813973129941701e+02,3.500000000000000000e+01
0.000000000000000000e+00,6.000000000000000000e+00,0.000000000000000000e+00,5.000000000000000000e+00,3.823486291608508327e+04,1.146252353490619498e+03,3.820841178302064804e+02,3.700000000000000000e+01
0.000000000000000000e+00,5.000000000000000000e+00,0.000000000000000000e+00,4.000000000000000000e+00,3.823506795299838268e+04,1.146258500342641582e+03,3.820861667808804896e+02,3.500000000000000000e+01
0.000000000000000000e+00,5.000000000000000000e+00,0.000000000000000000e+00,4.000000000000000000e+00,3.823532908069963014e+04,1.146266328754182268e+03,3.820887762513941084e+02,3.700000000000000000e+01
0.000000000000000000e+00,4.000000000000000000e+00,0.000000000000000000e+00,3.000000000000000000e+00,3.823554705983138410e+04,1.146272863604152235e+03,3.820909545347174117e+02,3.500000000000000000e+01
0.000000000000000000e+00,4.000000000000000000e+00,0.000000000000000000e+00,3.000000000000000000e+00,3.823579701154604845e+04,1.146280356968044316e+03,3.820934523226814008e+02,3.700000000000000000e+01
0.000000000000000000e+00,3.000000000000000000e+00,0.000000000000000000e+00,2.000000000000000000e+00,3.823602797624180675e+04,1.146287281115429778e+03,3.820957603718099449e+02,3.500000000000000000e+01
0.000000000000000000e+00,3.000000000000000000e+00,0.000000000000000000e+00,2.000000000000000000e+00,3.823626668928412982e+04,1.146294437552401178e+03,3.820981458508003925e+02,3.700000000000000000e+01
0.000000000000000000e+00,2.000000000000000000e+00,0.000000000000000000e+00,1.000000000000000000e+00,3.823651068551639037e+04,1.146301752375422438e+03,3.821005841251408128e+02,3.500000000000000000e+01
0.000000000000000000e+00,2.000000000000000000e+00,0.000000000000000000e+00,1.000000000000000000e+00,3.823673809797782451e+04,1.146308570029501652e+03,3.821028566765006076e+02,3.700000000000000000e+01
0.000000000000000000e+00,1.000000000000000000e+00,0.000000000000000000e+00,1.000000000000000000e+00,3.823748319779864687e+04,1.146330907560175547e+03,3.821103025200584966e+02,3.500000000000000000e+01
0.000000000000000000e+00,2.000000000000000000e+00,0.000000000000000000e+00,2.000000000000000000e+00,3.823748672965627338e+04,1.146331013442603535e+03,3.821103378142011593e+02,3.500000000000000000e+01
0.000000000000000000e+00,3.000000000000000000e+00,0.000000000000000000e+00,3.000000000000000000e+00,3.823749203636726452e+04,1.146331172533796689e+03,3.821103908445988964e+02,3.500000000000000000e+01
0.000000000000000000e+00,4.000000000000000000e+00,0.000000000000000000e+00,4.000000000000000000e+00,3.823749912864111684e+04,1.146331385154817781e+03,3.821104617182725747e+02,3.500000000000000000e+01
0.000000000000000000e+00,5.000000000000000000e+00,0.000000000000000000e+00,5.000000000000000000e+00,3.823750802075740648e+04,1.146331651733757781e+03,3.821105505779192413e+02,3.500000000000000000e+01
0.000000000000000000e+00,6.000000000000000000e+00,0.000000000000000000e+00,6.000000000000000000e+00,3.823751873056589830e+04,1.146331972805739042e+03,3.821106576019129761e+02,3.500000000000000000e+01
0.000000000000000000e+00,7.000000000000000000e+00,0.000000000000000000e+00,7.000000000000000000e+00,3.823753127948675683e+04,1.146332349012921895e+03,3.821107830043073363e+02,3.500000000000000000e+01
0.000000000000000000e+00,8.000000000000000000e+00,0.000000000000000000e+00,8.000000000000000000e+00,3.823754569251074281e+04,1.146332781104510786e+03,3.821109270348368909e+02,3.500000000000000000e+01
0.000000000000000000e+00,9.000000000000000000e+00,0.000000000000000000e+00,9.000000000000000000e+00,3.823756199819957692e+04,1.146333269936764282e+03,3.821110899789214272e+02,3.500000000000000000e+01
0.000000000000000000e+00,1.000000000000000000e+00,0.000000000000000000e+00,1.000000000000000000e+00,3.823768776507877192e+04,1.146337040332949300e+03,3.821123467776497478e+02,3.700000000000000000e+01
0.000000000000000000e+00,2.000000000000000000e+00,0.000000000000000000e+00,2.000000000000000000e+00,3.823769117562464089e+04,1.146337142578541943e+03,3.821123808595140190e+02,3.700000000000000000e+01
0.000000000000000000e+00,3.000000000000000000e+00,0.000000000000000000e+00,3.000000000000000000e+00,3.823769629995292053e+04,1.146337296202038942e+03,3.821124320673463330e+02,3.700000000000000000e+01
0.000000000000000000e+00,4.000000000000000000e+00,0.000000000000000000e+00,4.000000000000000000e+00,3.823770314827509719e+04,1.146337501509573030e+03,3.821125005031909723e+02,3.700000000000000000e+01
0.000000000000000000e+00,5.000000000000000000e+00,0.000000000000000000e+00,5.000000000000000000e+00,3.823771173420665582e+04,1.146337758909325430e+03,3.821125863031085146e+02,3.700000000000000000e+01
0.000000000000000000e+00,6.000000000000000000e+00,0.000000000000000000e+00,6.000000000000000000e+00,3.823772207476724725e+04,1.146338068911533355e+03,3.821126896371777661e+02,3.700000000000000000e+01
0.000000000000000000e+00,7.000000000000000000e+00,0.000000000000000000e+00,7.000000000000000000e+00,3.823773419038081192e+04,1.146338432128490467e+03,3.821128107094968414e+02,3.700000000000000000e+01
0.000000000000000000e+00,8.000000000000000000e+00,0.000000000000000000e+00,8.000000000000000000e+00,3.823774810487591458e+04,1.146338849274559152e+03,3.821129497581864030e+02,3.700000000000000000e+01
0.000000000000000000e+00,9.000000000000000000e+00,0.000000000000000000e+00,9.000000000000000000e+00,3.823776384548590431e+04,1.146339321166175296e+03,3.821131070553917652e+02,3.700000000000000000e+01
0.000000000000000000e+00,0.000000000000000000e+00,0.000000000000000000e+00,1.000000000000000000e+00,3.823796945694153692e+04,1.146345485242542736e+03,3.821151617475142643e+02,3.500000000000000000e+01
0.000000000000000000e+00,0.000000000000000000e+00,0.000000000000000000e+00,1.000000000000000000e+00,3.823816260149142181e+04,1.146351275570478720e+03,3.821170918568262778e+02,3.700000000000000000e+01
0.000000000000000000e+00,1.000000000000000000e+00,0.000000000000000000e+00,2.000000000000000000e+00,3.823845924193851533e+04,1.146360168627356416e+03,3.821200562091188431e+02,3.500000000000000000e+01
0.000000000000000000e+00,1.000000000000000000e+00,0.000000000000000000e+00,2.000000000000000000e+00,3.823864084272558830e+04,1.146365612881989591e+03,3.821218709606631592e+02,3.700000000000000000e+01
0.000000000000000000e+00,2.000000000000000000e+00,0.000000000000000000e+00,3.000000000000000000e+00,3.823895078978172387e+04,1.146374904860970446e+03,3.821249682869901676e+02,3.500000000000000000e+01
0.000000000000000000e+00,2.000000000000000000e+00,0.000000000000000000e+00,3.000000000000000000e+00,3.823912078629341704e+04,1.146380001228179708e+03,3.821266670760599027e+02,3.700000000000000000e+01
0.000000000000000000e+00,3.000000000000000000e+00,0.000000000000000000e+00,4.000000000000000000e+00,3.823944410517699725e+04,1.146389694084462235e+03,3.821298980281540594e+02,3.500000000000000000e+01
0.000000000000000000e+00,3.000000000000000000e+00,0.000000000000000000e+00,4.000000000000000000e+00,3.823960243668196927e+04,1.146394440743567657e+03,3.821314802478559045e+02,3.700000000000000000e+01
0.000000000000000000e+00,4.000000000000000000e+00,0.000000000000000000e+00,5.000000000000000000e+00,3.823993919640013337e+04,1.146404536545933979e+03,3.821348455153113264e+02,3.500000000000000000e+01
0.000000000000000000e+00,4.000000000000000000e+00,0.000000000000000000e+00,5.000000000000000000e+00,3.824008580178211560e+04,1.146408931664716192e+03,3.821363105549054353e+02,3.700000000000000000e+01
0.000000000000000000e+00,5.000000000000000000e+00,0.000000000000000000e+00,6.000000000000000000e+00,3.824043607529693691e+04,1.146419432600514256e+03,3.821398108668381042e+02,3.500000000000000000e+01
0.000000000000000000e+00,5.000000000000000000e+00,0.000000000000000000e+00,6.000000000000000000e+00,3.824057089288881252e+04,1.146423474330239287e+03,3.821411581100797434e+02,3.700000000000000000e+01
0.000000000000000000e+00,6.000000000000000000e+00,0.000000000000000000e+00,7.000000000000000000e+00,3.824093475728344492e+04,1.146434382710363707e+03,3.821447942367879023e+02,3.500000000000000000e+01
0.000000000000000000e+00,6.000000000000000000e+00,0.000000000000000000e+00,7.000000000000000000e+00,3.824105772470108786e+04,1.146438069180802586e+03,3.821460230602675097e+02,3.700000000000000000e+01
0.000000000000000000e+00,7.000000000000000000e+00,0.000000000000000000e+00,8.000000000000000000e+00,3.824143526134601416e+04,1.146449387444679587e+03,3.821497958148931389e+02,3.500000000000000000e+01
0.000000000000000000e+00,7.000000000000000000e+00,0.000000000000000000e+00,8.000000000000000000e+00,3.824154631532235362e+04,1.146452716759133182e+03,3.821509055863777462e+02,3.700000000000000000e+01
0.000000000000000000e+00,8.000000000000000000e+00,0.000000000000000000e+00,9.000000000000000000e+00,3.824193761004171392e+04,1.146464447479705086e+03,3.821548158265683242e+02,3.500000000000000000e+01
0.000000000000000000e+00,8.000000000000000000e+00,0.000000000000000000e+00,9.000000000000000000e+00,3.824203668626058061e+04,1.146467417710023483e+03,3.821558059033411610e+02,3.700000000000000000e+01
