0.000000000000000000e+00,9.000000000000000000e+00,0.000000000000000000e+00,8.000000000000000000e+00,3.823316925692193763e+04,1.146201578866265891e+03,3.820671929554220014e+02,3.500000000000000000e+01
0.000000000000000000e+00,9.000000000000000000e+00,0.000000000000000000e+00,8.000000000000000000e+00,3.823347441200907633e+04,1.146210727185630731e+03,3.820702423952102436e+02,3.700000000000000000e+01
0.000000000000000000e+00,8.000000000000000000e+00,0.000000000000000000e+00,7.000000000000000000e+00,3.823364123377784563e+04,1.146215728376441348e+03,3.820719094588137636e+02,3.500000000000000000e+01
0.000000000000000000e+00,8.000000000000000000e+00,0.000000000000000000e+00,7.000000000000000000e+00,3.823393546738257282e+04,1.146224549278000040e+03,3.820748497593333468e+02,3.700000000000000000e+01
0.000000000000000000e+00,7.000000000000000000e+00,0.000000000000000000e+00,6.000000000000000000e+00,3.823411500559339038e+04,1.146229931698152541e+03,3.820766438993841803e+02,3.500000000000000000e+01
0.000000000000000000e+00,7.000000000000000000e+00,0.000000000000000000e+00,6.000000000000000000e+00,3.823439825460969587e+04,1.146238423290035144e+03,3.820794744300117713e+02,3.700000000000000000e+01
0.000000000000000000e+00,6.000000000000000000e+00,0.000000000000000000e+00,5.000000000000000000e+00,3.823459057089953421e+04,1.146244188787359462e+03,3.820813962624531541e+02,3.500000000000000000e+01
0.000000000000000000e+00,6.000000000000000000e+00,0.000000000000000000e+00,5.000000000000000000e+00,3.823486277228980907e+04,1.146252349179745806e+03,3.820841163932485642e+02,3.700000000000000000e+01
0.000000000000000000e+00,5.000000000000000000e+00,0.000000000000000000e+00,4.000000000000000000e+00,3.823506792758013034e+04,1.146258499580621219e+03,3.820861665268737397e+02,3.500000000000000000e+01
0.000000000000000000e+00,5.000000000000000000e+00,0.000000000000000000e+00,4.000000000000000000e+00,3.823532901840526029e+04,1.146266326886644038e+03,3.820887756288813080e+02,3.700000000000000000e+01
0.000000000000000000e+00,4.000000000000000000e+00,0.000000000000000000e+00,3.000000000000000000e+00,3.823554707287161000e+04,1.146272863995088528e+03,3.820909546650295283e+02,3.500000000000000000e+01
0.000000000000000000e+00,4.000000000000000000e+00,0.000000000000000000e+00,3.000000000000000000e+00,3.823579699032098142e+04,1.146280356331732946e+03,3.820934521105776867e+02,3.700000000000000000e+01
0.000000000000000000e+00,3.000000000000000000e+00,0.000000000000000000e+00,2.000000000000000000e+00,3.823602800336268410e+04,1.146287281928493258e+03,3.820957606428310669e+02,3.500000000000000000e+01
0.000000000000000000e+00,3.000000000000000000e+00,0.000000000000000000e+00,2.000000000000000000e+00,3.823626668478440115e+04,1.146294437417502650e+03,3.820981458058342355e+02,3.700000000000000000e+01
0.000000000000000000e+00,2.000000000000000000e+00,0.000000000000000000e+00,1.000000000000000000e+00,3.823651071499426325e+04,1.146301753259146835e+03,3.821005844197155739e+02,3.500000000000000000e+01
0.000000000000000000e+00,2.000000000000000000e+00,0.000000000000000000e+00,1.000000000000000000e+00,3.823673809792513930e+04,1.146308570027922315e+03,3.821028566759740670e+02,3.700000000000000000e+01
0.000000000000000000e+00,1.000000000000000000e+00,0.000000000000000000e+00,1.000000000000000000e+00,3.823748322727651248e+04,1.146330908443899716e+03,3.821103028146332576e+02,3.500000000000000000e+01
0.000000000000000000e+00,2.000000000000000000e+00,0.000000000000000000e+00,2.000000000000000000e+00,3.823748675677715073e+04,1.146331014255667014e+03,3.821103380852223381e+02,3.500000000000000000e+01
0.000000000000000000e+00,3.000000000000000000e+00,0.000000000000000000e+00,3.000000000000000000e+00,3.823749204940749041e+04,1.146331172924732982e+03,3.821103909749110130e+02,3.500000000000000000e+01
0.000000000000000000e+00,4.000000000000000000e+00,0.000000000000000000e+00,4.000000000000000000e+00,3.823749910322284995e+04,1.146331384392797418e+03,3.821104614642658248e+02,3.500000000000000000e+01
0.000000000000000000e+00,5.000000000000000000e+00,0.000000000000000000e+00,5.000000000000000000e+00,3.823750791563058010e+04,1.146331648582134676e+03,3.821105495273782253e+02,3.500000000000000000e+01
0.000000000000000000e+00,6.000000000000000000e+00,0.000000000000000000e+00,6.000000000000000000e+00,3.823751848339007847e+04,1.146331965395594352e+03,3.821106551318647462e+02,3.500000000000000000e+01
0.000000000000000000e+00,7.000000000000000000e+00,0.000000000000000000e+00,7.000000000000000000e+00,3.823753080261311698e+04,1.146332334716609921e+03,3.821107782388700116e+02,3.500000000000000000e+01
0.000000000000000000e+00,8.000000000000000000e+00,0.000000000000000000e+00,8.000000000000000000e+00,3.823754486876407464e+04,1.146332756409206695e+03,3.821109188030688983e+02,3.500000000000000000e+01
0.000000000000000000e+00,9.000000000000000000e+00,0.000000000000000000e+00,9.000000000000000000e+00,3.823756067666011222e+04,1.146333230318007736e+03,3.821110767726692643e+02,3.500000000000000000e+01
0.000000000000000000e+00,1.000000000000000000e+00,0.000000000000000000e+00,1.000000000000000000e+00,3.823768776502608671e+04,1.146337040331369735e+03,3.821123467771232640e+02,3.700000000000000000e+01
0.000000000000000000e+00,2.000000000000000000e+00,0.000000000000000000e+00,2.000000000000000000e+00,3.823769117112491222e+04,1.146337142443643415e+03,3.821123808145478051e+02,3.700000000000000000e+01
0.000000000000000000e+00,3.000000000000000000e+00,0.000000000000000000e+00,3.000000000000000000e+00,3.823769627872785350e+04,1.146337295565727800e+03,3.821124318552425621e+02,3.700000000000000000e+01
0.000000000000000000e+00,4.000000000000000000e+00,0.000000000000000000e+00,4.000000000000000000e+00,3.823770308598072734e+04,1.146337499642034800e+03,3.821124998806782287e+02,3.700000000000000000e+01
0.000000000000000000e+00,5.000000000000000000e+00,0.000000000000000000e+00,5.000000000000000000e+00,3.823771159041138162e+04,1.146337754598451738e+03,3.821125848661505984e+02,3.700000000000000000e+01
0.000000000000000000e+00,6.000000000000000000e+00,0.000000000000000000e+00,6.000000000000000000e+00,3.823772178892997181e+04,1.146338060342347262e+03,3.821126867807824397e+02,3.700000000000000000e+01
0.000000000000000000e+00,7.000000000000000000e+00,0.000000000000000000e+00,7.000000000000000000e+00,3.823773367782901187e+04,1.146338416762574070e+03,3.821128055875246901e+02,3.700000000000000000e+01
0.000000000000000000e+00,8.000000000000000000e+00,0.000000000000000000e+00,8.000000000000000000e+00,3.823774725278375263e+04,1.146338823729478918e+03,3.821129412431596393e+02,3.700000000000000000e+01
0.000000000000000000e+00,9.000000000000000000e+00,0.000000000000000000e+00,9.000000000000000000e+00,3.823776250885234185e+04,1.146339281094908984e+03,3.821130936983029756e+02,3.700000000000000000e+01
0.000000000000000000e+00,0.000000000000000000e+00,0.000000000000000000e+00,1.000000000000000000e+00,3.823796948641940253e+04,1.146345486126266906e+03,3.821151620420890254e+02,3.500000000000000000e+01
0.000000000000000000e+00,0.000000000000000000e+00,0.000000000000000000e+00,1.000000000000000000e+00,3.823816260143873660e+04,1.146351275568899155e+03,3.821170918562997372e+02,3.700000000000000000e+01
0.000000000000000000e+00,1.000000000000000000e+00,0.000000000000000000e+00,2.000000000000000000e+00,3.823845926905939268e+04,1.146360169440419895e+03,3.821200564801400219e+02,3.500000000000000000e+01
0.000000000000000000e+00,1.000000000000000000e+00,0.000000000000000000e+00,2.000000000000000000e+00,3.823864083822585962e+04,1.146365612747091063e+03,3.821218709156970021e+02,3.700000000000000000e+01
0.000000000000000000e+00,2.000000000000000000e+00,0.000000000000000000e+00,3.000000000000000000e+00,3.823895080282195704e+04,1.146374905251906739e+03,3.821249684173022274e+02,3.500000000000000000e+01
0.000000000000000000e+00,2.000000000000000000e+00,0.000000000000000000e+00,3.000000000000000000e+00,3.823912076506836456e+04,1.146380000591868566e+03,3.821266668639561885e+02,3.700000000000000000e+01
0.000000000000000000e+00,3.000000000000000000e+00,0.000000000000000000e+00,4.000000000000000000e+00,3.823944407975873764e+04,1.146389693322442099e+03,3.821298977741473095e+02,3.500000000000000000e+01
0.000000000000000000e+00,3.000000000000000000e+00,0.000000000000000000e+00,4.000000000000000000e+00,3.823960237438759941e+04,1.146394438876029426e+03,3.821314796253431609e+02,3.700000000000000000e+01
0.000000000000000000e+00,4.000000000000000000e+00,0.000000000000000000e+00,5.000000000000000000e+00,3.823993909127329971e+04,1.146404533394311102e+03,3.821348444647703104e+02,3.500000000000000000e+01
0.000000000000000000e+00,4.000000000000000000e+00,0.000000000000000000e+00,5.000000000000000000e+00,3.824008565798684867e+04,1.146408927353842500e+03,3.821363091179475191e+02,3.700000000000000000e+01
0.000000000000000000e+00,5.000000000000000000e+00,0.000000000000000000e+00,6.000000000000000000e+00,3.824043582812111708e+04,1.146419425190369566e+03,3.821398083967898174e+02,3.500000000000000000e+01
0.000000000000000000e+00,5.000000000000000000e+00,0.000000000000000000e+00,6.000000000000000000e+00,3.824057060705153708e+04,1.146423465761053194e+03,3.821411552536844169e+02,3.700000000000000000e+01
0.000000000000000000e+00,6.000000000000000000e+00,0.000000000000000000e+00,7.000000000000000000e+00,3.824093428040980507e+04,1.146434368414051733e+03,3.821447894713505775e+02,3.500000000000000000e+01
0.000000000000000000e+00,6.000000000000000000e+00,0.000000000000000000e+00,7.000000000000000000e+00,3.824105721214928053e+04,1.146438053814885961e+03,3.821460179382953584e+02,3.700000000000000000e+01
0.000000000000000000e+00,7.000000000000000000e+00,0.000000000000000000e+00,8.000000000000000000e+00,3.824143443759934598e+04,1.146449362749375496e+03,3.821497875831251463e+02,3.500000000000000000e+01
0.000000000000000000e+00,7.000000000000000000e+00,0.000000000000000000e+00,8.000000000000000000e+00,3.824154546323019895e+04,1.146452691214052948e+03,3.821508970713509825e+02,3.700000000000000000e+01
0.000000000000000000e+00,8.000000000000000000e+00,0.000000000000000000e+00,9.000000000000000000e+00,3.824193628850224195e+04,1.146464407860948540e+03,3.821548026203161612e+02,3.500000000000000000e+01
0.000000000000000000e+00,8.000000000000000000e+00,0.000000000000000000e+00,9.000000000000000000e+00,3.824203534962701815e+04,1.146467377638757171e+03,3.821557925462524281e+02,3.700000000000000000e+01
