1.146343777272728000e+15
1.146343868181818750e+15
1.146343959090909250e+15
1.146344050000000000e+15
1.146344140909090750e+15
1.146344231818181250e+15
1.146344322727272000e+15
1.146344413636362750e+15
1.146344504545453250e+15
1.146344595454546750e+15
1.146344686363637250e+15
1.146344777272728000e+15
1.146344868181818750e+15
1.146344959090909250e+15
1.146345050000000000e+15
1.146345140909090750e+15
1.146345231818181250e+15
1.146345322727272000e+15
1.146345413636362750e+15
1.146345504545453250e+15
1.146345595454546750e+15
1.146345686363634750e+15
1.146345777272728000e+15
1.146345868181818750e+15
1.146345959090912000e+15
1.146346050000000000e+15
1.146346140909088000e+15
1.146346231818181250e+15
1.146346322727274750e+15
1.146346413636368000e+15
1.146346504545456000e+15
1.146346595454544000e+15
1.146346686363632000e+15
1.146346777272725250e+15
1.146346868181818750e+15
1.146346959090912000e+15
1.146347050000000000e+15
1.146347140909088000e+15
1.146347231818181250e+15
1.146347322727274750e+15
1.146359686363636250e+15
1.146359822727272750e+15
1.146359959090909250e+15
1.146360095454545750e+15
1.146360231818182000e+15
1.146360368181818000e+15
1.146360504545454000e+15
1.146360640909090750e+15
1.146360777272727250e+15
1.146360913636364000e+15
1.146361050000000000e+15
1.146361186363636000e+15
1.146373140452261250e+15
1.146373230904522750e+15
1.146373321356784000e+15
1.146373411809045500e+15
1.146373502261306750e+15
1.146373592713568250e+15
1.146373683165829250e+15
1.146373773618090750e+15
1.146373864070351250e+15
1.146373954522612750e+15
1.146374044974874000e+15
1.146374135427136000e+15
1.146374225879397250e+15
1.146374316331658000e+15
1.146374406783918750e+15
1.146374497236180750e+15
1.146374587688442750e+15
1.146374678140704000e+15
1.146374768592965250e+15
1.146374859045226750e+15
1.146374949497488000e+15
1.146375039949748000e+15
1.146375130402009250e+15
1.146375220854270750e+15
1.146375311306533250e+15
1.146375401758794750e+15
1.146375492211056000e+15
1.146375582663317250e+15
1.146375673115578750e+15
1.146375763567841250e+15
1.146388336432160000e+15
1.146388426884416000e+15
1.146388517336682750e+15
1.146388607788949250e+15
1.146388698241216000e+15
1.146388788693472000e+15
1.146388879145728000e+15
1.146388969597984000e+15
1.146389060050250750e+15
1.146389150502517250e+15
1.146389240954784000e+15
1.146389331407040000e+15
1.146389421859296000e+15
1.146389512311552000e+15
1.146389602763818750e+15
1.146389693216085250e+15
1.146389783668352000e+15
1.146389874120608000e+15
1.146389964572864000e+15
1.146390055025120000e+15
1.146390145477386750e+15
1.146390235929653250e+15
1.146390326381920000e+15
1.146390416834176000e+15
1.146390507286432000e+15
1.146390597738688000e+15
1.146390688190954750e+15
1.146390778643221250e+15
1.146390869095488000e+15
1.146403622864320000e+15
1.146403713316576000e+15
1.146403803768842750e+15
1.146403894221109250e+15
1.146403984673376000e+15
1.146404075125632000e+15
1.146404165577888000e+15
1.146404256030144000e+15
1.146404346482410750e+15
1.146404436934677250e+15
1.146404527386944000e+15
1.146404617839200000e+15
1.146404708291456000e+15
1.146404798743712000e+15
1.146404889195978750e+15
1.146404979648245250e+15
1.146405070100512000e+15
1.146405160552768000e+15
1.146405251005024000e+15
1.146405341457280000e+15
1.146405431909546750e+15
1.146405522361813250e+15
1.146405612814080000e+15
1.146405703266336000e+15
1.146405793718592000e+15
1.146405884170848000e+15
1.146405974623114750e+15
1.146406065075381250e+15
1.146406155527648000e+15
1.146406245979904000e+15
1.146417100251258750e+15
1.146417190703520000e+15
1.146417281155781250e+15
1.146417371608042750e+15
1.146417462060304000e+15
1.146417552512565250e+15
1.146417642964826750e+15
1.146417733417088000e+15
1.146417823869344000e+15
1.146417914321605250e+15
1.146418004773866750e+15
1.146418095226133250e+15
1.146418185678394750e+15
1.146418276130656000e+15
1.146418366582912000e+15
1.146418457035173250e+15
1.146418547487434750e+15
1.146418637939696000e+15
1.146418728391957250e+15
1.146418818844218750e+15
1.146418909296480000e+15
1.146418999748741250e+15
1.146419090201002750e+15
1.146419180653264000e+15
1.146419271105525250e+15
1.146419361557786750e+15
1.146419452010048000e+15
1.146419542462309250e+15
1.146419632914570750e+15
1.146419723366832000e+15
1.146419813819093250e+15
1.146419904271354750e+15
1.146419994723616000e+15
1.146420085175877250e+15
1.146420175628138750e+15
1.146420266080400000e+15
1.146420356532661250e+15
1.146420446984922750e+15
1.146420537437184000e+15
1.146420627889440000e+15
1.146420718341706750e+15
1.146420808793973250e+15
1.146420899246240000e+15
1.146420989698496000e+15
1.146421080150752000e+15
1.146421170603008000e+15
1.146421261055274750e+15
1.146421351507541250e+15
1.146421441959808000e+15
1.146421532412064000e+15
