-5.908285327230662812e-06
-1.737806532118056429e-04
-2.631755790325126794e-04
-1.560557972301135181e-04
-3.429374309501251675e-05
-1.772485598169177244e-05
-2.029367568918349909e-05
9.877111775305133512e-05
1.473218102246422417e-04
1.993404093013468291e-04
-1.284409853745827751e-06
-5.060574823758431234e-05
-2.440378722117014790e-05
9.209218651357317989e-05
2.259276932738846775e-04
5.507549452861953271e-04
6.835629241635101218e-04
8.391049574521255256e-04
8.391049574521256341e-04
1.310868696732954723e-03
1.215822367555766071e-03
8.437288329256100719e-04
4.129377679792719667e-04
3.478181883943606140e-04
3.416530210963806408e-04
5.728467947706204067e-05
1.848265779540187587e-04
1.109730113636360482e-04
4.585343177872467513e-05
-2.274689850983793726e-04
-2.128267127656773700e-04
-7.102786491214203846e-05
1.464227233270200268e-05
8.836739793771063178e-05
7.398200757575794373e-05
4.110111531986591205e-05
-2.053771356139520027e-04
-1.886798075152566756e-04
-2.409552885627106453e-04
-8.541325527409472651e-05
2.715242430818601261e-04
9.071786797006520112e-04
2.017294116293139820e-03
2.405956538036616455e-03
2.026541867240109780e-03
8.894538237189603472e-04
2.721664480087327147e-04
-8.631234217171730738e-05
9.658762100168336018e-05
1.559273562447387185e-04
5.138923824836907212e-04
2.554691199100373876e-04
7.449577151725581404e-05
1.668448400015782272e-04
1.112298933343854713e-04
1.132849491003787957e-04
6.113790903829966622e-05
5.368833188657415664e-05
-1.166244147201178123e-04
3.300933324126687196e-05
7.192695180976454987e-06
1.492484250052610105e-04
2.055055765993270191e-05
2.180927931660353722e-04
4.306626239609638476e-04
4.426076356007996662e-04
3.586072311658249708e-04
2.823132858533249708e-04
1.088922674005681759e-03
1.887311839094065087e-03
2.270836621422557978e-03
2.119276258680554640e-03
1.621438999368686115e-03
1.390630548650567374e-03
9.419861867371627506e-04
4.891032723063973298e-04
1.193216754129839964e-04
-6.614710746790802853e-05
-4.418369896885531589e-05
4.675251867634668679e-05
-3.018363156302658962e-05
-1.836706090856526569e-05
5.831220736005985483e-05
5.600026962331722258e-05
1.261290476378372494e-04
-7.167006983901473549e-05
3.647723984638006478e-05
-1.460374003708966308e-04
1.727531253288087096e-04
4.944977936921270823e-05
3.253410159538086825e-04
1.173950606323653361e-04
2.690838643597433244e-04
2.450654000946972670e-04
5.729752357559967377e-04
1.238171099010942607e-03
1.825274843158143341e-03
2.088578863176031308e-03
1.577512182370581191e-03
1.147106440380367106e-03
5.529384420375644269e-04
1.629916104403418553e-04
-2.205331718881514691e-04
-9.517477016256215006e-05
-1.939458879156076915e-05
1.649182252209599464e-04
6.820216323390193569e-05
3.365153816813996201e-05
8.207378965435659080e-05
1.456520774147732620e-04
3.785155838988846504e-04
1.884229255445076456e-04
5.587182863794198928e-05
-3.853229561236760628e-07
-1.420557298242843480e-04
-1.776338827730429906e-04
-1.426979347511573432e-04
9.157842257207498432e-05
2.964417942445286423e-04
7.864441534485476721e-04
1.304189765493475985e-03
1.475530039983164420e-03
1.174978134206649399e-03
3.931578562315861110e-04
7.809211910774400977e-05
-7.809211910774400977e-05
2.410837295480852823e-04
2.222029046980219939e-04
1.568264431423613129e-04
3.415245801110060038e-04
2.205331718881526346e-04
3.017078746448866445e-04
4.187176123211325962e-05
2.076890733506946282e-04
1.258721656670873520e-04
-5.034886626683528909e-05
1.669732809869359236e-06
2.558544428661619491e-04
4.553232931528833067e-04
3.282951586174246285e-04
2.202762899174033064e-04
8.965180779145617493e-05
2.350470032354799732e-05
-1.375602953361741677e-04
1.843128140125211594e-04
1.181657065446128327e-04
1.777623237584174921e-04
-1.227895820180976635e-04
1.342208297164351782e-04
2.076890733506943571e-04
2.593223494712750335e-04
1.685145728114476949e-04
1.286978673453283357e-04
1.405144379997896528e-04
1.335786247895631892e-05
-1.116152162905093280e-04
-5.908285327230634182e-05
-7.128474688289133953e-05
1.041656391387839608e-04
3.262401028514329981e-05
6.255075987742029359e-05
-1.430832577072810102e-04
2.353038852062292743e-04
2.373589409722223276e-04
5.318741204361323097e-04
5.431769271490950518e-04
7.899120600536616238e-04
8.294718835490317091e-04
8.248480080755470545e-04
5.043877495659723547e-04
1.651751071917092475e-04
-2.753774726430973925e-04
-1.348630346433080107e-04
-1.222758180765993324e-04
6.511957958491194909e-05
-5.664247455018934363e-05
-2.697260692866021436e-06
9.722982592855605722e-05
1.798173795244106810e-04
2.527718592171713662e-04
5.471585976957066977e-05
-2.543131510416666780e-05
-9.774358987005467292e-05
-3.172492338752129493e-05
-1.550282693471172896e-04
-1.859825468223906542e-04
-1.997257322574700624e-04
-8.001873388836210088e-05
-2.157808554292875086e-05
1.181657065446132562e-05
6.088102706755006699e-05
