1.146329642424242500e+15
1.146329739393939500e+15
1.146329836363636500e+15
1.146329933333333500e+15
1.146330030303030250e+15
1.146330127272727250e+15
1.146330224242424250e+15
1.146330321212121250e+15
1.146330418181818000e+15
1.146330515151515000e+15
1.146330612121212000e+15
1.146330709090909000e+15
1.146330806060606000e+15
1.146330903030302750e+15
1.146331000000000000e+15
1.146331096969697000e+15
1.146331193939394000e+15
1.146331290909090750e+15
1.146331387878788000e+15
1.146331484848485250e+15
1.146331581818182000e+15
1.146331678787878750e+15
1.146331775757576000e+15
1.146331872727273250e+15
1.146331969696970000e+15
1.146332066666666750e+15
1.146332163636363250e+15
1.146332260606060750e+15
1.146332357575757250e+15
1.146332454545454000e+15
1.146332551515150750e+15
1.146332648484847250e+15
1.146332745454544000e+15
1.146332842424241250e+15
1.146332939393938750e+15
1.146333036363636000e+15
1.146333133333333250e+15
1.146333230303030750e+15
1.146333327272728000e+15
1.146333424242424000e+15
1.146333521212120000e+15
1.146333618181817250e+15
1.146333715151514750e+15
1.146333812121212000e+15
1.146333909090909250e+15
1.146334006060606750e+15
1.146334103030304000e+15
1.146334200000000000e+15
1.146334296969696000e+15
1.146334393939393250e+15
1.146334490909090750e+15
1.146334587878788000e+15
1.146334684848485250e+15
1.146334781818182750e+15
1.146334878787880000e+15
1.146334975757576000e+15
1.146335072727272000e+15
1.146335169696969250e+15
1.146335266666666750e+15
1.146335363636364000e+15
1.146335460606061250e+15
1.146335557575758750e+15
1.146335654545456000e+15
1.146335751515152000e+15
1.146335848484848000e+15
1.146335945454544000e+15
1.146336042424240000e+15
1.146336139393936000e+15
1.146336236363632000e+15
1.146336333333328000e+15
1.146336430303026750e+15
1.146336527272725250e+15
1.146336624242424000e+15
1.146336721212122750e+15
1.146336818181821250e+15
1.146336915151520000e+15
1.146337012121216000e+15
1.146337109090912000e+15
1.146337206060608000e+15
1.146337303030304000e+15
1.146337400000000000e+15
1.146337496969696000e+15
1.146337593939392000e+15
1.146337690909088000e+15
1.146337787878784000e+15
1.146337884848480000e+15
1.146337981818178750e+15
1.146338078787877250e+15
1.146338175757576000e+15
1.146338272727274750e+15
1.146338369696973250e+15
1.146338466666672000e+15
1.146338563636368000e+15
1.146338660606064000e+15
1.146338757575760000e+15
1.146344815384615250e+15
1.146344861538461250e+15
1.146344907692307750e+15
1.146344953846154000e+15
1.146345000000000250e+15
1.146345046153846750e+15
1.146345092307692750e+15
1.146345138461539000e+15
1.146345184615385000e+15
1.146345230769231000e+15
1.146345276923077000e+15
1.146345323076923250e+15
1.146345369230769250e+15
1.146345415384615750e+15
1.146345461538461750e+15
1.146345507692308000e+15
1.146345553846154000e+15
1.146345600000000000e+15
1.146345646153846000e+15
1.146345692307692000e+15
1.146345738461538000e+15
1.146345784615384000e+15
1.146345830769230750e+15
1.146345876923076750e+15
1.146345923076923250e+15
1.146345969230769250e+15
1.146346015384616000e+15
1.146346061538462750e+15
1.146346107692308000e+15
1.146346153846154000e+15
1.146346200000000000e+15
1.146346246153846750e+15
1.146346292307692000e+15
1.146346338461537250e+15
1.146346384615384000e+15
1.146350545384615250e+15
1.146350591538461250e+15
1.146350637692307750e+15
1.146350683846154000e+15
1.146350730000000250e+15
1.146350776153846750e+15
1.146350822307692750e+15
1.146350868461539000e+15
1.146350914615385000e+15
1.146350960769231000e+15
1.146351006923077000e+15
1.146351053076923250e+15
1.146351099230769250e+15
1.146351145384615750e+15
1.146351191538461750e+15
1.146351237692308000e+15
1.146351283846154000e+15
1.146351330000000000e+15
1.146351376153846000e+15
1.146351422307692000e+15
1.146351468461538000e+15
1.146351514615384000e+15
1.146351560769230750e+15
1.146351606923076750e+15
1.146351653076923250e+15
1.146351699230769250e+15
1.146351745384616000e+15
1.146351791538462750e+15
1.146351837692308000e+15
1.146351883846154000e+15
1.146351930000000000e+15
1.146351976153846750e+15
1.146352022307692000e+15
1.146352068461537250e+15
1.146352114615384000e+15
1.146358922448980000e+15
1.146358971428571750e+15
1.146359020408163750e+15
1.146359069387755250e+15
1.146359118367347000e+15
1.146359167346938750e+15
1.146359216326530250e+15
1.146359265306122250e+15
1.146359314285714000e+15
1.146359363265306000e+15
1.146359412244897750e+15
1.146359461224489250e+15
1.146359510204081000e+15
1.146359559183672750e+15
1.146359608163264250e+15
1.146359657142856000e+15
1.146359706122448000e+15
1.146359755102040000e+15
1.146359804081632000e+15
1.146359853061224000e+15
1.146359902040816000e+15
1.146359951020408000e+15
1.146360000000000000e+15
1.146360048979592000e+15
1.146360097959184000e+15
1.146360146938776000e+15
1.146360195918367250e+15
1.146360244897958750e+15
1.146360293877550000e+15
1.146360342857141250e+15
1.146360391836732750e+15
1.146360440816324000e+15
1.146360489795916000e+15
1.146360538775508000e+15
1.146360587755100000e+15
1.146360636734692000e+15
1.146360685714284000e+15
1.146360734693876000e+15
1.146360783673468000e+15
1.146360832653060000e+15
1.146360881632652000e+15
1.146360930612244000e+15
1.146360979591836000e+15
1.146361028571428000e+15
1.146361077551020000e+15
1.146364550448979750e+15
1.146364599428571500e+15
1.146364648408163250e+15
1.146364697387755000e+15
1.146364746367346750e+15
1.146364795346938500e+15
1.146364844326530250e+15
1.146364893306122250e+15
1.146364942285714000e+15
1.146364991265306000e+15
1.146365040244898000e+15
1.146365089224489750e+15
1.146365138204081250e+15
1.146365187183673000e+15
1.146365236163264750e+15
1.146365285142856250e+15
1.146365334122448000e+15
1.146365383102040000e+15
1.146365432081632000e+15
1.146365481061224000e+15
1.146365530040816000e+15
1.146365579020408000e+15
1.146365628000000000e+15
1.146365676979592000e+15
1.146365725959184000e+15
1.146365774938776000e+15
1.146365823918367250e+15
1.146365872897958750e+15
1.146365921877550000e+15
1.146365970857141250e+15
1.146366019836732750e+15
1.146366068816324000e+15
1.146366117795916000e+15
1.146366166775508000e+15
1.146366215755100000e+15
1.146366264734692000e+15
1.146366313714284000e+15
1.146366362693876000e+15
1.146366411673468000e+15
1.146366460653060000e+15
1.146366509632652000e+15
1.146366558612244000e+15
1.146366607591836000e+15
1.146366656571428000e+15
1.146366705551020000e+15
1.146373757448979750e+15
1.146373806428571500e+15
1.146373855408163250e+15
1.146373904387755000e+15
1.146373953367346750e+15
1.146374002346938500e+15
1.146374051326530250e+15
1.146374100306122250e+15
1.146374149285714000e+15
1.146374198265306000e+15
1.146374247244898000e+15
1.146374296224489750e+15
1.146374345204081250e+15
1.146374394183673000e+15
1.146374443163264750e+15
1.146374492142856250e+15
1.146374541122448000e+15
1.146374590102040000e+15
1.146374639081632000e+15
1.146374688061224000e+15
1.146374737040816000e+15
1.146374786020408000e+15
1.146374835000000000e+15
1.146374883979592000e+15
1.146374932959184000e+15
1.146374981938776000e+15
1.146375030918367250e+15
1.146375079897958750e+15
1.146375128877550000e+15
1.146375177857141250e+15
1.146375226836732750e+15
1.146375275816324000e+15
1.146375324795916000e+15
1.146375373775508000e+15
1.146375422755100000e+15
1.146375471734692000e+15
1.146375520714284000e+15
1.146375569693876000e+15
1.146375618673468000e+15
1.146375667653060000e+15
1.146375716632652000e+15
1.146375765612244000e+15
1.146375814591836000e+15
1.146375863571428000e+15
1.146375912551020000e+15
1.146378896448979750e+15
1.146378945428571500e+15
1.146378994408163250e+15
1.146379043387755000e+15
1.146379092367346750e+15
1.146379141346938500e+15
1.146379190326530250e+15
1.146379239306122250e+15
1.146379288285714000e+15
1.146379337265306000e+15
1.146379386244898000e+15
1.146379435224489750e+15
1.146379484204081250e+15
1.146379533183673000e+15
1.146379582163264750e+15
1.146379631142856250e+15
1.146379680122448000e+15
1.146379729102040000e+15
1.146379778081632000e+15
1.146379827061224000e+15
1.146379876040816000e+15
1.146379925020408000e+15
1.146379974000000000e+15
1.146380022979592000e+15
1.146380071959184000e+15
1.146380120938776000e+15
1.146380169918367250e+15
1.146380218897958750e+15
1.146380267877550000e+15
1.146380316857141250e+15
1.146380365836732750e+15
1.146380414816324000e+15
1.146380463795916000e+15
1.146380512775508000e+15
1.146380561755100000e+15
1.146380610734692000e+15
1.146380659714284000e+15
1.146380708693876000e+15
1.146380757673468000e+15
1.146380806653060000e+15
1.146380855632652000e+15
1.146380904612244000e+15
1.146380953591836000e+15
1.146381002571428000e+15
1.146381051551020000e+15
1.146388526448979750e+15
1.146388575428571500e+15
1.146388624408163250e+15
1.146388673387755000e+15
1.146388722367346750e+15
1.146388771346938500e+15
1.146388820326530250e+15
1.146388869306122250e+15
1.146388918285714000e+15
1.146388967265306000e+15
1.146389016244898000e+15
1.146389065224489750e+15
1.146389114204081250e+15
1.146389163183673000e+15
1.146389212163264750e+15
1.146389261142856250e+15
1.146389310122448000e+15
1.146389359102040000e+15
1.146389408081632000e+15
1.146389457061224000e+15
1.146389506040816000e+15
1.146389555020408000e+15
1.146389604000000000e+15
1.146389652979592000e+15
1.146389701959184000e+15
1.146389750938776000e+15
1.146389799918367250e+15
1.146389848897958750e+15
1.146389897877550000e+15
1.146389946857141250e+15
1.146389995836732750e+15
1.146390044816324000e+15
1.146390093795916000e+15
1.146390142775508000e+15
1.146390191755100000e+15
1.146390240734692000e+15
1.146390289714284000e+15
1.146390338693876000e+15
1.146390387673468000e+15
1.146390436653060000e+15
1.146390485632652000e+15
1.146390534612244000e+15
1.146390583591836000e+15
1.146390632571428000e+15
1.146390681551020000e+15
1.146393317448979750e+15
1.146393366428571500e+15
1.146393415408163250e+15
1.146393464387755000e+15
1.146393513367346750e+15
1.146393562346938500e+15
1.146393611326530250e+15
1.146393660306122250e+15
1.146393709285714000e+15
1.146393758265306000e+15
1.146393807244898000e+15
1.146393856224489750e+15
1.146393905204081250e+15
1.146393954183673000e+15
1.146394003163264750e+15
1.146394052142856250e+15
1.146394101122448000e+15
1.146394150102040000e+15
1.146394199081632000e+15
1.146394248061224000e+15
1.146394297040816000e+15
1.146394346020408000e+15
1.146394395000000000e+15
1.146394443979592000e+15
1.146394492959184000e+15
1.146394541938776000e+15
1.146394590918367250e+15
1.146394639897958750e+15
1.146394688877550000e+15
1.146394737857141250e+15
1.146394786836732750e+15
1.146394835816324000e+15
1.146394884795916000e+15
1.146394933775508000e+15
1.146394982755100000e+15
1.146395031734692000e+15
1.146395080714284000e+15
1.146395129693876000e+15
1.146395178673468000e+15
1.146395227653060000e+15
1.146395276632652000e+15
1.146395325612244000e+15
1.146395374591836000e+15
1.146395423571428000e+15
1.146395472551020000e+15
1.146403406448980000e+15
1.146403455428571750e+15
1.146403504408163750e+15
1.146403553387755250e+15
1.146403602367347000e+15
1.146403651346938750e+15
1.146403700326530250e+15
1.146403749306122250e+15
1.146403798285714000e+15
1.146403847265306000e+15
1.146403896244897750e+15
1.146403945224489250e+15
1.146403994204081000e+15
1.146404043183672750e+15
1.146404092163264250e+15
1.146404141142856000e+15
1.146404190122448000e+15
1.146404239102040000e+15
1.146404288081632000e+15
1.146404337061224000e+15
1.146404386040816000e+15
1.146404435020408000e+15
1.146404484000000000e+15
1.146404532979592000e+15
1.146404581959184000e+15
1.146404630938776000e+15
1.146404679918367250e+15
1.146404728897958750e+15
1.146404777877550000e+15
1.146404826857141250e+15
1.146404875836732750e+15
1.146404924816324000e+15
1.146404973795916000e+15
1.146405022775508000e+15
1.146405071755100000e+15
1.146405120734692000e+15
1.146405169714284000e+15
1.146405218693876000e+15
1.146405267673468000e+15
1.146405316653060000e+15
1.146405365632652000e+15
1.146405414612244000e+15
1.146405463591836000e+15
1.146405512571428000e+15
1.146405561551020000e+15
1.146407846448979250e+15
1.146407895428571250e+15
1.146407944408163250e+15
1.146407993387755000e+15
1.146408042367346750e+15
1.146408091346938500e+15
1.146408140326530250e+15
1.146408189306122250e+15
1.146408238285714000e+15
1.146408287265306000e+15
1.146408336244897750e+15
1.146408385224489250e+15
1.146408434204081000e+15
1.146408483183672750e+15
1.146408532163264250e+15
1.146408581142856000e+15
1.146408630122448000e+15
1.146408679102040000e+15
1.146408728081632000e+15
1.146408777061224000e+15
1.146408826040816000e+15
1.146408875020408000e+15
1.146408924000000000e+15
1.146408972979592000e+15
1.146409021959184000e+15
1.146409070938776000e+15
1.146409119918368000e+15
1.146409168897959250e+15
1.146409217877550750e+15
1.146409266857142000e+15
1.146409315836733250e+15
1.146409364816324750e+15
1.146409413795916000e+15
1.146409462775508000e+15
1.146409511755100000e+15
1.146409560734692000e+15
1.146409609714284000e+15
1.146409658693876000e+15
1.146409707673468000e+15
1.146409756653060000e+15
1.146409805632652000e+15
1.146409854612244000e+15
1.146409903591836000e+15
1.146409952571428000e+15
1.146410001551020000e+15
1.146418439448979750e+15
1.146418488428571500e+15
1.146418537408163250e+15
1.146418586387755000e+15
1.146418635367346750e+15
1.146418684346938500e+15
1.146418733326530250e+15
1.146418782306122250e+15
1.146418831285714000e+15
1.146418880265306000e+15
1.146418929244898000e+15
1.146418978224489750e+15
1.146419027204081250e+15
1.146419076183673000e+15
1.146419125163264750e+15
1.146419174142856250e+15
1.146419223122448000e+15
1.146419272102040000e+15
1.146419321081632000e+15
1.146419370061224000e+15
1.146419419040816000e+15
1.146419468020408000e+15
1.146419517000000000e+15
1.146419565979592000e+15
1.146419614959184000e+15
1.146419663938776000e+15
1.146419712918367250e+15
1.146419761897958750e+15
1.146419810877550000e+15
1.146419859857141250e+15
1.146419908836732750e+15
1.146419957816324000e+15
1.146420006795916000e+15
1.146420055775508000e+15
1.146420104755100000e+15
1.146420153734692000e+15
1.146420202714284000e+15
1.146420251693876000e+15
1.146420300673468000e+15
1.146420349653060000e+15
1.146420398632652000e+15
1.146420447612244000e+15
1.146420496591836000e+15
1.146420545571428000e+15
1.146420594551020000e+15
1.146422522448979750e+15
1.146422571428571500e+15
1.146422620408163250e+15
1.146422669387755000e+15
1.146422718367346750e+15
1.146422767346938500e+15
1.146422816326530250e+15
1.146422865306122250e+15
1.146422914285714000e+15
1.146422963265306000e+15
1.146423012244898000e+15
1.146423061224489750e+15
1.146423110204081250e+15
1.146423159183673000e+15
1.146423208163264750e+15
1.146423257142856250e+15
1.146423306122448000e+15
1.146423355102040000e+15
1.146423404081632000e+15
1.146423453061224000e+15
1.146423502040816000e+15
1.146423551020408000e+15
1.146423600000000000e+15
1.146423648979592000e+15
1.146423697959184000e+15
1.146423746938776000e+15
1.146423795918367250e+15
1.146423844897958750e+15
1.146423893877550000e+15
1.146423942857141250e+15
1.146423991836732750e+15
1.146424040816324000e+15
1.146424089795916000e+15
1.146424138775508000e+15
1.146424187755100000e+15
1.146424236734692000e+15
1.146424285714284000e+15
1.146424334693876000e+15
1.146424383673468000e+15
1.146424432653060000e+15
1.146424481632652000e+15
1.146424530612244000e+15
1.146424579591836000e+15
1.146424628571428000e+15
1.146424677551020000e+15
1.146433676448979750e+15
1.146433725428571500e+15
1.146433774408163250e+15
1.146433823387755000e+15
1.146433872367346750e+15
1.146433921346938500e+15
1.146433970326530250e+15
1.146434019306122250e+15
1.146434068285714000e+15
1.146434117265306000e+15
1.146434166244898000e+15
1.146434215224489750e+15
1.146434264204081250e+15
1.146434313183673000e+15
1.146434362163264750e+15
1.146434411142856250e+15
1.146434460122448000e+15
1.146434509102040000e+15
1.146434558081632000e+15
1.146434607061224000e+15
1.146434656040816000e+15
1.146434705020408000e+15
1.146434754000000000e+15
1.146434802979592000e+15
1.146434851959184000e+15
1.146434900938776000e+15
1.146434949918367250e+15
1.146434998897958750e+15
1.146435047877550000e+15
1.146435096857141250e+15
1.146435145836732750e+15
1.146435194816324000e+15
1.146435243795916000e+15
1.146435292775508000e+15
1.146435341755100000e+15
1.146435390734692000e+15
1.146435439714284000e+15
1.146435488693876000e+15
1.146435537673468000e+15
1.146435586653060000e+15
1.146435635632652000e+15
1.146435684612244000e+15
1.146435733591836000e+15
1.146435782571428000e+15
1.146435831551020000e+15
1.146437393448979750e+15
1.146437442428571500e+15
1.146437491408163250e+15
1.146437540387755000e+15
1.146437589367346750e+15
1.146437638346938500e+15
1.146437687326530250e+15
1.146437736306122250e+15
1.146437785285714000e+15
1.146437834265306000e+15
1.146437883244898000e+15
1.146437932224489750e+15
1.146437981204081250e+15
1.146438030183673000e+15
1.146438079163264750e+15
1.146438128142856250e+15
1.146438177122448000e+15
1.146438226102040000e+15
1.146438275081632000e+15
1.146438324061224000e+15
1.146438373040816000e+15
1.146438422020408000e+15
1.146438471000000000e+15
1.146438519979592000e+15
1.146438568959184000e+15
1.146438617938776000e+15
1.146438666918367250e+15
1.146438715897958750e+15
1.146438764877550000e+15
1.146438813857141250e+15
1.146438862836732750e+15
1.146438911816324000e+15
1.146438960795916000e+15
1.146439009775508000e+15
1.146439058755100000e+15
1.146439107734692000e+15
1.146439156714284000e+15
1.146439205693876000e+15
1.146439254673468000e+15
1.146439303653060000e+15
1.146439352632652000e+15
1.146439401612244000e+15
1.146439450591836000e+15
1.146439499571428000e+15
1.146439548551020000e+15
1.146449180448979250e+15
1.146449229428571250e+15
1.146449278408163250e+15
1.146449327387755000e+15
1.146449376367346750e+15
1.146449425346938500e+15
1.146449474326530250e+15
1.146449523306122250e+15
1.146449572285714000e+15
1.146449621265306000e+15
1.146449670244897750e+15
1.146449719224489250e+15
1.146449768204081000e+15
1.146449817183672750e+15
1.146449866163264250e+15
1.146449915142856000e+15
1.146449964122448000e+15
1.146450013102040000e+15
1.146450062081632000e+15
1.146450111061224000e+15
1.146450160040816000e+15
1.146450209020408000e+15
1.146450258000000000e+15
1.146450306979592000e+15
1.146450355959184000e+15
1.146450404938776000e+15
1.146450453918368000e+15
1.146450502897959250e+15
1.146450551877550750e+15
1.146450600857142000e+15
1.146450649836733250e+15
1.146450698816324750e+15
1.146450747795916000e+15
1.146450796775508000e+15
1.146450845755100000e+15
1.146450894734692000e+15
1.146450943714284000e+15
1.146450992693876000e+15
1.146451041673468000e+15
1.146451090653060000e+15
1.146451139632652000e+15
1.146451188612244000e+15
1.146451237591836000e+15
1.146451286571428000e+15
1.146451335551020000e+15
1.146452522448979750e+15
1.146452571428571500e+15
1.146452620408163250e+15
1.146452669387755000e+15
1.146452718367346750e+15
1.146452767346938500e+15
1.146452816326530250e+15
1.146452865306122250e+15
1.146452914285714000e+15
1.146452963265306000e+15
1.146453012244898000e+15
1.146453061224489750e+15
1.146453110204081250e+15
1.146453159183673000e+15
1.146453208163264750e+15
1.146453257142856250e+15
1.146453306122448000e+15
1.146453355102040000e+15
1.146453404081632000e+15
1.146453453061224000e+15
1.146453502040816000e+15
1.146453551020408000e+15
1.146453600000000000e+15
1.146453648979592000e+15
1.146453697959184000e+15
1.146453746938776000e+15
1.146453795918367250e+15
1.146453844897958750e+15
1.146453893877550000e+15
1.146453942857141250e+15
1.146453991836732750e+15
1.146454040816324000e+15
1.146454089795916000e+15
1.146454138775508000e+15
1.146454187755100000e+15
1.146454236734692000e+15
1.146454285714284000e+15
1.146454334693876000e+15
1.146454383673468000e+15
1.146454432653060000e+15
1.146454481632652000e+15
1.146454530612244000e+15
1.146454579591836000e+15
1.146454628571428000e+15
1.146454677551020000e+15
1.146307446150753750e+15
1.146307458211055250e+15
1.146307470271356750e+15
1.146307482331658250e+15
1.146307494391959750e+15
1.146307506452261500e+15
1.146307518512563000e+15
1.146307530572864500e+15
1.146307542633166000e+15
1.146307554693467750e+15
1.146307566753769250e+15
1.146307578814070750e+15
1.146307590874372000e+15
1.146307602934673750e+15
1.146307614994975000e+15
1.146307627055276750e+15
1.146307639115578000e+15
1.146307651175879250e+15
1.146307663236181250e+15
1.146307675296482750e+15
1.146307687356784000e+15
1.146307699417085250e+15
1.146307711477386750e+15
1.146307723537688750e+15
1.146307735597990000e+15
1.146307747658291250e+15
1.146307759718593250e+15
1.146307771778894750e+15
1.146307783839196750e+15
1.146307795899497250e+15
1.146307807959798750e+15
1.146307820020100750e+15
1.146307832080401250e+15
1.146307844140702750e+15
1.146307856201004000e+15
1.146307868261306750e+15
1.146307880321608000e+15
1.146307892381909250e+15
1.146307904442212000e+15
1.146307916502513250e+15
1.146307928562814750e+15
1.146307940623116000e+15
1.146307952683417250e+15
1.146307964743718750e+15
1.146307976804020000e+15
1.146307988864321250e+15
1.146308000924622750e+15
1.146308012984924000e+15
1.146308025045225250e+15
1.146308037105526750e+15
1.146308049165828000e+15
1.146308061226130750e+15
1.146308073286432000e+15
1.146308085346733250e+15
1.146308097407036000e+15
1.146308109467337250e+15
1.146308121527638750e+15
1.146308133587940000e+15
1.146308145648241250e+15
1.146308157708542750e+15
1.146308169768844000e+15
1.146308181829146750e+15
1.146308193889449250e+15
1.146308205949749250e+15
1.146308218010050750e+15
1.146308230070352000e+15
1.146308242130653250e+15
1.146308254190954750e+15
1.146308266251256000e+15
1.146308278311557250e+15
1.146308290371858750e+15
1.146308302432160000e+15
1.146308314492461250e+15
1.146308326552762750e+15
1.146308338613064000e+15
1.146308350673368000e+15
1.146308362733669250e+15
1.146308374793970750e+15
1.146308386854272000e+15
1.146308398914573250e+15
1.146308410974874750e+15
1.146308423035176000e+15
1.146308435095477250e+15
1.146308447155778750e+15
1.146308459216080000e+15
1.146308471276381250e+15
1.146308483336682750e+15
1.146308495396984000e+15
1.146308507457288000e+15
1.146308519517589250e+15
1.146308531577890750e+15
1.146308543638192000e+15
1.146308555698493250e+15
1.146308567758794750e+15
1.146308579819096000e+15
1.146308591879397250e+15
1.146308603939698750e+15
1.146308616000000000e+15
1.146308628060301250e+15
1.146308640120602750e+15
1.146308652180904000e+15
1.146308664241205250e+15
1.146308676301506750e+15
1.146308688361808000e+15
1.146308700422109250e+15
1.146308712482410750e+15
1.146308724542712000e+15
1.146308736603016000e+15
1.146308748663317250e+15
1.146308760723618750e+15
1.146308772783920000e+15
1.146308784844221250e+15
1.146308796904522750e+15
1.146308808964824000e+15
1.146308821025125250e+15
1.146308833085426750e+15
1.146308845145728000e+15
1.146308857206029250e+15
1.146308869266330750e+15
1.146308881326632000e+15
1.146308893386933250e+15
1.146308905447234750e+15
1.146308917507538750e+15
1.146308929567840000e+15
1.146308941628138750e+15
1.146308953688440000e+15
1.146308965748741250e+15
1.146308977809045250e+15
1.146308989869344000e+15
1.146309001929648000e+15
1.146309013989952000e+15
1.146309026050250750e+15
1.146309038110554750e+15
1.146309050170853250e+15
1.146309062231157250e+15
1.146309074291456000e+15
1.146309086351760000e+15
1.146309098412064000e+15
1.146309110472362750e+15
1.146309122532666750e+15
1.146309134592965250e+15
1.146309146653269250e+15
1.146309158713568000e+15
1.146309170773866750e+15
1.146309182834170750e+15
1.146309194894469250e+15
1.146309206954773250e+15
1.146309219015072000e+15
1.146309231075376000e+15
1.146309243135680000e+15
1.146309255195978750e+15
1.146309267256282750e+15
1.146309279316581250e+15
1.146309291376885250e+15
1.146309303437184000e+15
1.146309315497488000e+15
1.146309327557792000e+15
1.146309339618090750e+15
1.146309351678394750e+15
1.146309363738693250e+15
1.146309375798997250e+15
1.146309387859296000e+15
1.146309399919594750e+15
1.146309411979898750e+15
1.146309424040197250e+15
1.146309436100501250e+15
1.146309448160800000e+15
1.146309460221104000e+15
1.146309472281408000e+15
1.146309484341706750e+15
1.146309496402010750e+15
1.146309508462309250e+15
1.146309520522613250e+15
1.146309532582912000e+15
1.146309544643216000e+15
1.146309556703520000e+15
1.146309568763818750e+15
1.146309580824122750e+15
1.146309592884421250e+15
1.146309604944725250e+15
1.146309617005024000e+15
1.146309629065328000e+15
1.146309641125632000e+15
1.146309653185930750e+15
1.146309665246234750e+15
1.146309677306533250e+15
1.146309689366837250e+15
1.146309701427136000e+15
1.146309713487434750e+15
1.146309725547738750e+15
1.146309737608037250e+15
1.146309749668341250e+15
1.146309761728640000e+15
1.146309773788944000e+15
1.146309785849248000e+15
1.146300588150753750e+15
1.146300600211055250e+15
1.146300612271356750e+15
1.146300624331658250e+15
1.146300636391959750e+15
1.146300648452261500e+15
1.146300660512563000e+15
1.146300672572864500e+15
1.146300684633166000e+15
1.146300696693467750e+15
1.146300708753769250e+15
1.146300720814070750e+15
1.146300732874372000e+15
1.146300744934673750e+15
1.146300756994975000e+15
1.146300769055276750e+15
1.146300781115578000e+15
1.146300793175879250e+15
1.146300805236181250e+15
1.146300817296482750e+15
1.146300829356784000e+15
1.146300841417085250e+15
1.146300853477386750e+15
1.146300865537688750e+15
1.146300877597990000e+15
1.146300889658291250e+15
1.146300901718593250e+15
1.146300913778894750e+15
1.146300925839196750e+15
1.146300937899497250e+15
1.146300949959798750e+15
1.146300962020100750e+15
1.146300974080401250e+15
1.146300986140702750e+15
1.146300998201004000e+15
1.146301010261306750e+15
1.146301022321608000e+15
1.146301034381909250e+15
1.146301046442212000e+15
1.146301058502513250e+15
1.146301070562814750e+15
1.146301082623116000e+15
1.146301094683417250e+15
1.146301106743718750e+15
1.146301118804020000e+15
1.146301130864321250e+15
1.146301142924622750e+15
1.146301154984924000e+15
1.146301167045225250e+15
1.146301179105526750e+15
1.146301191165828000e+15
1.146301203226130750e+15
1.146301215286432000e+15
1.146301227346733250e+15
1.146301239407036000e+15
1.146301251467337250e+15
1.146301263527638750e+15
1.146301275587940000e+15
1.146301287648241250e+15
1.146301299708542750e+15
1.146301311768844000e+15
1.146301323829146750e+15
1.146301335889449250e+15
1.146301347949749250e+15
1.146301360010050750e+15
1.146301372070352000e+15
1.146301384130653250e+15
1.146301396190954750e+15
1.146301408251256000e+15
1.146301420311557250e+15
1.146301432371858750e+15
1.146301444432160000e+15
1.146301456492461250e+15
1.146301468552762750e+15
1.146301480613064000e+15
1.146301492673368000e+15
1.146301504733669250e+15
1.146301516793970750e+15
1.146301528854272000e+15
1.146301540914573250e+15
1.146301552974874750e+15
1.146301565035176000e+15
1.146301577095477250e+15
1.146301589155778750e+15
1.146301601216080000e+15
1.146301613276381250e+15
1.146301625336682750e+15
1.146301637396984000e+15
1.146301649457288000e+15
1.146301661517589250e+15
1.146301673577890750e+15
1.146301685638192000e+15
1.146301697698493250e+15
1.146301709758794750e+15
1.146301721819096000e+15
1.146301733879397250e+15
1.146301745939698750e+15
1.146301758000000000e+15
1.146301770060301250e+15
1.146301782120602750e+15
1.146301794180904000e+15
1.146301806241205250e+15
1.146301818301506750e+15
1.146301830361808000e+15
1.146301842422109250e+15
1.146301854482410750e+15
1.146301866542712000e+15
1.146301878603016000e+15
1.146301890663317250e+15
1.146301902723618750e+15
1.146301914783920000e+15
1.146301926844221250e+15
1.146301938904522750e+15
1.146301950964824000e+15
1.146301963025125250e+15
1.146301975085426750e+15
1.146301987145728000e+15
1.146301999206029250e+15
1.146302011266330750e+15
1.146302023326632000e+15
1.146302035386933250e+15
1.146302047447234750e+15
1.146302059507538750e+15
1.146302071567840000e+15
1.146302083628138750e+15
1.146302095688440000e+15
1.146302107748741250e+15
1.146302119809045250e+15
1.146302131869344000e+15
1.146302143929648000e+15
1.146302155989952000e+15
1.146302168050250750e+15
1.146302180110554750e+15
1.146302192170853250e+15
1.146302204231157250e+15
1.146302216291456000e+15
1.146302228351760000e+15
1.146302240412064000e+15
1.146302252472362750e+15
1.146302264532666750e+15
1.146302276592965250e+15
1.146302288653269250e+15
1.146302300713568000e+15
1.146302312773866750e+15
1.146302324834170750e+15
1.146302336894469250e+15
1.146302348954773250e+15
1.146302361015072000e+15
1.146302373075376000e+15
1.146302385135680000e+15
1.146302397195978750e+15
1.146302409256282750e+15
1.146302421316581250e+15
1.146302433376885250e+15
1.146302445437184000e+15
1.146302457497488000e+15
1.146302469557792000e+15
1.146302481618090750e+15
1.146302493678394750e+15
1.146302505738693250e+15
1.146302517798997250e+15
1.146302529859296000e+15
1.146302541919594750e+15
1.146302553979898750e+15
1.146302566040197250e+15
1.146302578100501250e+15
1.146302590160800000e+15
1.146302602221104000e+15
1.146302614281408000e+15
1.146302626341706750e+15
1.146302638402010750e+15
1.146302650462309250e+15
1.146302662522613250e+15
1.146302674582912000e+15
1.146302686643216000e+15
1.146302698703520000e+15
1.146302710763818750e+15
1.146302722824122750e+15
1.146302734884421250e+15
1.146302746944725250e+15
1.146302759005024000e+15
1.146302771065328000e+15
1.146302783125632000e+15
1.146302795185930750e+15
1.146302807246234750e+15
1.146302819306533250e+15
1.146302831366837250e+15
1.146302843427136000e+15
1.146302855487434750e+15
1.146302867547738750e+15
1.146302879608037250e+15
1.146302891668341250e+15
1.146302903728640000e+15
1.146302915788944000e+15
1.146302927849248000e+15
1.146293265150753750e+15
1.146293277211055250e+15
1.146293289271356750e+15
1.146293301331658250e+15
1.146293313391959750e+15
1.146293325452261500e+15
1.146293337512563000e+15
1.146293349572864500e+15
1.146293361633166000e+15
1.146293373693467750e+15
1.146293385753769250e+15
1.146293397814070750e+15
1.146293409874372000e+15
1.146293421934673750e+15
1.146293433994975000e+15
1.146293446055276750e+15
1.146293458115578000e+15
1.146293470175879250e+15
1.146293482236181250e+15
1.146293494296482750e+15
1.146293506356784000e+15
1.146293518417085250e+15
1.146293530477386750e+15
1.146293542537688750e+15
1.146293554597990000e+15
1.146293566658291250e+15
1.146293578718593250e+15
1.146293590778894750e+15
1.146293602839196750e+15
1.146293614899497250e+15
1.146293626959798750e+15
1.146293639020100750e+15
1.146293651080401250e+15
1.146293663140702750e+15
1.146293675201004000e+15
1.146293687261306750e+15
1.146293699321608000e+15
1.146293711381909250e+15
1.146293723442212000e+15
1.146293735502513250e+15
1.146293747562814750e+15
1.146293759623116000e+15
1.146293771683417250e+15
1.146293783743718750e+15
1.146293795804020000e+15
1.146293807864321250e+15
1.146293819924622750e+15
1.146293831984924000e+15
1.146293844045225250e+15
1.146293856105526750e+15
1.146293868165828000e+15
1.146293880226130750e+15
1.146293892286432000e+15
1.146293904346733250e+15
1.146293916407036000e+15
1.146293928467337250e+15
1.146293940527638750e+15
1.146293952587940000e+15
1.146293964648241250e+15
1.146293976708542750e+15
1.146293988768844000e+15
1.146294000829146750e+15
1.146294012889449250e+15
1.146294024949749250e+15
1.146294037010050750e+15
1.146294049070352000e+15
1.146294061130653250e+15
1.146294073190954750e+15
1.146294085251256000e+15
1.146294097311557250e+15
1.146294109371858750e+15
1.146294121432160000e+15
1.146294133492461250e+15
1.146294145552762750e+15
1.146294157613064000e+15
1.146294169673368000e+15
1.146294181733669250e+15
1.146294193793970750e+15
1.146294205854272000e+15
1.146294217914573250e+15
1.146294229974874750e+15
1.146294242035176000e+15
1.146294254095477250e+15
1.146294266155778750e+15
1.146294278216080000e+15
1.146294290276381250e+15
1.146294302336682750e+15
1.146294314396984000e+15
1.146294326457288000e+15
1.146294338517589250e+15
1.146294350577890750e+15
1.146294362638192000e+15
1.146294374698493250e+15
1.146294386758794750e+15
1.146294398819096000e+15
1.146294410879397250e+15
1.146294422939698750e+15
1.146294435000000000e+15
1.146294447060301250e+15
1.146294459120602750e+15
1.146294471180904000e+15
1.146294483241205250e+15
1.146294495301506750e+15
1.146294507361808000e+15
1.146294519422109250e+15
1.146294531482410750e+15
1.146294543542712000e+15
1.146294555603016000e+15
1.146294567663317250e+15
1.146294579723618750e+15
1.146294591783920000e+15
1.146294603844221250e+15
1.146294615904522750e+15
1.146294627964824000e+15
1.146294640025125250e+15
1.146294652085426750e+15
1.146294664145728000e+15
1.146294676206029250e+15
1.146294688266330750e+15
1.146294700326632000e+15
1.146294712386933250e+15
1.146294724447234750e+15
1.146294736507538750e+15
1.146294748567840000e+15
1.146294760628138750e+15
1.146294772688440000e+15
1.146294784748741250e+15
1.146294796809045250e+15
1.146294808869344000e+15
1.146294820929648000e+15
1.146294832989952000e+15
1.146294845050250750e+15
1.146294857110554750e+15
1.146294869170853250e+15
1.146294881231157250e+15
1.146294893291456000e+15
1.146294905351760000e+15
1.146294917412064000e+15
1.146294929472362750e+15
1.146294941532666750e+15
1.146294953592965250e+15
1.146294965653269250e+15
1.146294977713568000e+15
1.146294989773866750e+15
1.146295001834170750e+15
1.146295013894469250e+15
1.146295025954773250e+15
1.146295038015072000e+15
1.146295050075376000e+15
1.146295062135680000e+15
1.146295074195978750e+15
1.146295086256282750e+15
1.146295098316581250e+15
1.146295110376885250e+15
1.146295122437184000e+15
1.146295134497488000e+15
1.146295146557792000e+15
1.146295158618090750e+15
1.146295170678394750e+15
1.146295182738693250e+15
1.146295194798997250e+15
1.146295206859296000e+15
1.146295218919594750e+15
1.146295230979898750e+15
1.146295243040197250e+15
1.146295255100501250e+15
1.146295267160800000e+15
1.146295279221104000e+15
1.146295291281408000e+15
1.146295303341706750e+15
1.146295315402010750e+15
1.146295327462309250e+15
1.146295339522613250e+15
1.146295351582912000e+15
1.146295363643216000e+15
1.146295375703520000e+15
1.146295387763818750e+15
1.146295399824122750e+15
1.146295411884421250e+15
1.146295423944725250e+15
1.146295436005024000e+15
1.146295448065328000e+15
1.146295460125632000e+15
1.146295472185930750e+15
1.146295484246234750e+15
1.146295496306533250e+15
1.146295508366837250e+15
1.146295520427136000e+15
1.146295532487434750e+15
1.146295544547738750e+15
1.146295556608037250e+15
1.146295568668341250e+15
1.146295580728640000e+15
1.146295592788944000e+15
1.146295604849248000e+15
1.146286157448979750e+15
1.146286206428571500e+15
1.146286255408163250e+15
1.146286304387755000e+15
1.146286353367346750e+15
1.146286402346938500e+15
1.146286451326530250e+15
1.146286500306122250e+15
1.146286549285714000e+15
1.146286598265306000e+15
1.146286647244898000e+15
1.146286696224489750e+15
1.146286745204081250e+15
1.146286794183673000e+15
1.146286843163264750e+15
1.146286892142856250e+15
1.146286941122448000e+15
1.146286990102040000e+15
1.146287039081632000e+15
1.146287088061224000e+15
1.146287137040816000e+15
1.146287186020408000e+15
1.146287235000000000e+15
1.146287283979592000e+15
1.146287332959184000e+15
1.146287381938776000e+15
1.146287430918367250e+15
1.146287479897958750e+15
1.146287528877550000e+15
1.146287577857141250e+15
1.146287626836732750e+15
1.146287675816324000e+15
1.146287724795916000e+15
1.146287773775508000e+15
1.146287822755100000e+15
1.146287871734692000e+15
1.146287920714284000e+15
1.146287969693876000e+15
1.146288018673468000e+15
1.146288067653060000e+15
1.146288116632652000e+15
1.146288165612244000e+15
1.146288214591836000e+15
1.146288263571428000e+15
1.146288312551020000e+15
1.146279230448979750e+15
1.146279279428571500e+15
1.146279328408163250e+15
1.146279377387755000e+15
1.146279426367346750e+15
1.146279475346938500e+15
1.146279524326530250e+15
1.146279573306122250e+15
1.146279622285714000e+15
1.146279671265306000e+15
1.146279720244898000e+15
1.146279769224489750e+15
1.146279818204081250e+15
1.146279867183673000e+15
1.146279916163264750e+15
1.146279965142856250e+15
1.146280014122448000e+15
1.146280063102040000e+15
1.146280112081632000e+15
1.146280161061224000e+15
1.146280210040816000e+15
1.146280259020408000e+15
1.146280308000000000e+15
1.146280356979592000e+15
1.146280405959184000e+15
1.146280454938776000e+15
1.146280503918367250e+15
1.146280552897958750e+15
1.146280601877550000e+15
1.146280650857141250e+15
1.146280699836732750e+15
1.146280748816324000e+15
1.146280797795916000e+15
1.146280846775508000e+15
1.146280895755100000e+15
1.146280944734692000e+15
1.146280993714284000e+15
1.146281042693876000e+15
1.146281091673468000e+15
1.146281140653060000e+15
1.146281189632652000e+15
1.146281238612244000e+15
1.146281287591836000e+15
1.146281336571428000e+15
1.146281385551020000e+15
1.146271688448979750e+15
1.146271737428571500e+15
1.146271786408163250e+15
1.146271835387755000e+15
1.146271884367346750e+15
1.146271933346938500e+15
1.146271982326530250e+15
1.146272031306122250e+15
1.146272080285714000e+15
1.146272129265306000e+15
1.146272178244898000e+15
1.146272227224489750e+15
1.146272276204081250e+15
1.146272325183673000e+15
1.146272374163264750e+15
1.146272423142856250e+15
1.146272472122448000e+15
1.146272521102040000e+15
1.146272570081632000e+15
1.146272619061224000e+15
1.146272668040816000e+15
1.146272717020408000e+15
1.146272766000000000e+15
1.146272814979592000e+15
1.146272863959184000e+15
1.146272912938776000e+15
1.146272961918367250e+15
1.146273010897958750e+15
1.146273059877550000e+15
1.146273108857141250e+15
1.146273157836732750e+15
1.146273206816324000e+15
1.146273255795916000e+15
1.146273304775508000e+15
1.146273353755100000e+15
1.146273402734692000e+15
1.146273451714284000e+15
1.146273500693876000e+15
1.146273549673468000e+15
1.146273598653060000e+15
1.146273647632652000e+15
1.146273696612244000e+15
1.146273745591836000e+15
1.146273794571428000e+15
1.146273843551020000e+15
1.146265175448979750e+15
1.146265224428571500e+15
1.146265273408163250e+15
1.146265322387755000e+15
1.146265371367346750e+15
1.146265420346938500e+15
1.146265469326530250e+15
1.146265518306122250e+15
1.146265567285714000e+15
1.146265616265306000e+15
1.146265665244898000e+15
1.146265714224489750e+15
1.146265763204081250e+15
1.146265812183673000e+15
1.146265861163264750e+15
1.146265910142856250e+15
1.146265959122448000e+15
1.146266008102040000e+15
1.146266057081632000e+15
1.146266106061224000e+15
1.146266155040816000e+15
1.146266204020408000e+15
1.146266253000000000e+15
1.146266301979592000e+15
1.146266350959184000e+15
1.146266399938776000e+15
1.146266448918367250e+15
1.146266497897958750e+15
1.146266546877550000e+15
1.146266595857141250e+15
1.146266644836732750e+15
1.146266693816324000e+15
1.146266742795916000e+15
1.146266791775508000e+15
1.146266840755100000e+15
1.146266889734692000e+15
1.146266938714284000e+15
1.146266987693876000e+15
1.146267036673468000e+15
1.146267085653060000e+15
1.146267134632652000e+15
1.146267183612244000e+15
1.146267232591836000e+15
1.146267281571428000e+15
1.146267330551020000e+15
1.146257294448979750e+15
1.146257343428571500e+15
1.146257392408163250e+15
1.146257441387755000e+15
1.146257490367346750e+15
1.146257539346938500e+15
1.146257588326530250e+15
1.146257637306122250e+15
1.146257686285714000e+15
1.146257735265306000e+15
1.146257784244898000e+15
1.146257833224489750e+15
1.146257882204081250e+15
1.146257931183673000e+15
1.146257980163264750e+15
1.146258029142856250e+15
1.146258078122448000e+15
1.146258127102040000e+15
1.146258176081632000e+15
1.146258225061224000e+15
1.146258274040816000e+15
1.146258323020408000e+15
1.146258372000000000e+15
1.146258420979592000e+15
1.146258469959184000e+15
1.146258518938776000e+15
1.146258567918367250e+15
1.146258616897958750e+15
1.146258665877550000e+15
1.146258714857141250e+15
1.146258763836732750e+15
1.146258812816324000e+15
1.146258861795916000e+15
1.146258910775508000e+15
1.146258959755100000e+15
1.146259008734692000e+15
1.146259057714284000e+15
1.146259106693876000e+15
1.146259155673468000e+15
1.146259204653060000e+15
1.146259253632652000e+15
1.146259302612244000e+15
1.146259351591836000e+15
1.146259400571428000e+15
1.146259449551020000e+15
1.146251228448979250e+15
1.146251277428571250e+15
1.146251326408163250e+15
1.146251375387755000e+15
1.146251424367346750e+15
1.146251473346938500e+15
1.146251522326530250e+15
1.146251571306122250e+15
1.146251620285714000e+15
1.146251669265306000e+15
1.146251718244897750e+15
1.146251767224489250e+15
1.146251816204081000e+15
1.146251865183672750e+15
1.146251914163264250e+15
1.146251963142856000e+15
1.146252012122448000e+15
1.146252061102040000e+15
1.146252110081632000e+15
1.146252159061224000e+15
1.146252208040816000e+15
1.146252257020408000e+15
1.146252306000000000e+15
1.146252354979592000e+15
1.146252403959184000e+15
1.146252452938776000e+15
1.146252501918368000e+15
1.146252550897959250e+15
1.146252599877550750e+15
1.146252648857142000e+15
1.146252697836733250e+15
1.146252746816324750e+15
1.146252795795916000e+15
1.146252844775508000e+15
1.146252893755100000e+15
1.146252942734692000e+15
1.146252991714284000e+15
1.146253040693876000e+15
1.146253089673468000e+15
1.146253138653060000e+15
1.146253187632652000e+15
1.146253236612244000e+15
1.146253285591836000e+15
1.146253334571428000e+15
1.146253383551020000e+15
1.146243011448979750e+15
1.146243060428571500e+15
1.146243109408163250e+15
1.146243158387755000e+15
1.146243207367346750e+15
1.146243256346938500e+15
1.146243305326530250e+15
1.146243354306122250e+15
1.146243403285714000e+15
1.146243452265306000e+15
1.146243501244898000e+15
1.146243550224489750e+15
1.146243599204081250e+15
1.146243648183673000e+15
1.146243697163264750e+15
1.146243746142856250e+15
1.146243795122448000e+15
1.146243844102040000e+15
1.146243893081632000e+15
1.146243942061224000e+15
1.146243991040816000e+15
1.146244040020408000e+15
1.146244089000000000e+15
1.146244137979592000e+15
1.146244186959184000e+15
1.146244235938776000e+15
1.146244284918367250e+15
1.146244333897958750e+15
1.146244382877550000e+15
1.146244431857141250e+15
1.146244480836732750e+15
1.146244529816324000e+15
1.146244578795916000e+15
1.146244627775508000e+15
1.146244676755100000e+15
1.146244725734692000e+15
1.146244774714284000e+15
1.146244823693876000e+15
1.146244872673468000e+15
1.146244921653060000e+15
1.146244970632652000e+15
1.146245019612244000e+15
1.146245068591836000e+15
1.146245117571428000e+15
1.146245166551020000e+15
1.146237434448979750e+15
1.146237483428571500e+15
1.146237532408163250e+15
1.146237581387755000e+15
1.146237630367346750e+15
1.146237679346938500e+15
1.146237728326530250e+15
1.146237777306122250e+15
1.146237826285714000e+15
1.146237875265306000e+15
1.146237924244898000e+15
1.146237973224489750e+15
1.146238022204081250e+15
1.146238071183673000e+15
1.146238120163264750e+15
1.146238169142856250e+15
1.146238218122448000e+15
1.146238267102040000e+15
1.146238316081632000e+15
1.146238365061224000e+15
1.146238414040816000e+15
1.146238463020408000e+15
1.146238512000000000e+15
1.146238560979592000e+15
1.146238609959184000e+15
1.146238658938776000e+15
1.146238707918367250e+15
1.146238756897958750e+15
1.146238805877550000e+15
1.146238854857141250e+15
1.146238903836732750e+15
1.146238952816324000e+15
1.146239001795916000e+15
1.146239050775508000e+15
1.146239099755100000e+15
1.146239148734692000e+15
1.146239197714284000e+15
1.146239246693876000e+15
1.146239295673468000e+15
1.146239344653060000e+15
1.146239393632652000e+15
1.146239442612244000e+15
1.146239491591836000e+15
1.146239540571428000e+15
1.146239589551020000e+15
1.146228887448979750e+15
1.146228936428571500e+15
1.146228985408163250e+15
1.146229034387755000e+15
1.146229083367346750e+15
1.146229132346938500e+15
1.146229181326530250e+15
1.146229230306122250e+15
1.146229279285714000e+15
1.146229328265306000e+15
1.146229377244898000e+15
1.146229426224489750e+15
1.146229475204081250e+15
1.146229524183673000e+15
1.146229573163264750e+15
1.146229622142856250e+15
1.146229671122448000e+15
1.146229720102040000e+15
1.146229769081632000e+15
1.146229818061224000e+15
1.146229867040816000e+15
1.146229916020408000e+15
1.146229965000000000e+15
1.146230013979592000e+15
1.146230062959184000e+15
1.146230111938776000e+15
1.146230160918367250e+15
1.146230209897958750e+15
1.146230258877550000e+15
1.146230307857141250e+15
1.146230356836732750e+15
1.146230405816324000e+15
1.146230454795916000e+15
1.146230503775508000e+15
1.146230552755100000e+15
1.146230601734692000e+15
1.146230650714284000e+15
1.146230699693876000e+15
1.146230748673468000e+15
1.146230797653060000e+15
1.146230846632652000e+15
1.146230895612244000e+15
1.146230944591836000e+15
1.146230993571428000e+15
1.146231042551020000e+15
1.146223835448979750e+15
1.146223884428571500e+15
1.146223933408163250e+15
1.146223982387755000e+15
1.146224031367346750e+15
1.146224080346938500e+15
1.146224129326530250e+15
1.146224178306122250e+15
1.146224227285714000e+15
1.146224276265306000e+15
1.146224325244898000e+15
1.146224374224489750e+15
1.146224423204081250e+15
1.146224472183673000e+15
1.146224521163264750e+15
1.146224570142856250e+15
1.146224619122448000e+15
1.146224668102040000e+15
1.146224717081632000e+15
1.146224766061224000e+15
1.146224815040816000e+15
1.146224864020408000e+15
1.146224913000000000e+15
1.146224961979592000e+15
1.146225010959184000e+15
1.146225059938776000e+15
1.146225108918367250e+15
1.146225157897958750e+15
1.146225206877550000e+15
1.146225255857141250e+15
1.146225304836732750e+15
1.146225353816324000e+15
1.146225402795916000e+15
1.146225451775508000e+15
1.146225500755100000e+15
1.146225549734692000e+15
1.146225598714284000e+15
1.146225647693876000e+15
1.146225696673468000e+15
1.146225745653060000e+15
1.146225794632652000e+15
1.146225843612244000e+15
1.146225892591836000e+15
1.146225941571428000e+15
1.146225990551020000e+15
1.146214967448979750e+15
1.146215016428571500e+15
1.146215065408163250e+15
1.146215114387755000e+15
1.146215163367346750e+15
1.146215212346938500e+15
1.146215261326530250e+15
1.146215310306122250e+15
1.146215359285714000e+15
1.146215408265306000e+15
1.146215457244898000e+15
1.146215506224489750e+15
1.146215555204081250e+15
1.146215604183673000e+15
1.146215653163264750e+15
1.146215702142856250e+15
1.146215751122448000e+15
1.146215800102040000e+15
1.146215849081632000e+15
1.146215898061224000e+15
1.146215947040816000e+15
1.146215996020408000e+15
1.146216045000000000e+15
1.146216093979592000e+15
1.146216142959184000e+15
1.146216191938776000e+15
1.146216240918367250e+15
1.146216289897958750e+15
1.146216338877550000e+15
1.146216387857141250e+15
1.146216436836732750e+15
1.146216485816324000e+15
1.146216534795916000e+15
1.146216583775508000e+15
1.146216632755100000e+15
1.146216681734692000e+15
1.146216730714284000e+15
1.146216779693876000e+15
1.146216828673468000e+15
1.146216877653060000e+15
1.146216926632652000e+15
1.146216975612244000e+15
1.146217024591836000e+15
1.146217073571428000e+15
1.146217122551020000e+15
