-2.834050342290088159e-04
-1.816797738123421583e-04
-1.403859970144149616e-04
-3.422952260232533378e-05
-1.345419321798716080e-04
2.106432160143099574e-05
1.096886015098905864e-04
4.411305642689920185e-04
9.340228456439393775e-04
1.357878097380050284e-03
2.045551133075546729e-03
2.530415852864582611e-03
3.193299778382785448e-03
3.441383541633784380e-03
3.586008091165560682e-03
3.721256448764993091e-03
3.520631629609900001e-03
3.144749085911194026e-03
2.753967387909037751e-03
2.634324610032617257e-03
2.435626405658143558e-03
2.198331685178609145e-03
2.179322419343172196e-03
2.374809599083281542e-03
2.387268374664615420e-03
2.136872673676873998e-03
1.995009605330651335e-03
1.898486204821655090e-03
1.680008088699495861e-03
1.506355876473065153e-03
1.329877962568393190e-03
1.225005898010049499e-03
1.095730046230535297e-03
9.284356627801450268e-04
7.588935620856997752e-04
6.305167972038087367e-04
3.164143674702750712e-04
2.677994545059967919e-04
1.400006740582907525e-04
8.721142906933931904e-05
-3.384419964620050125e-05
-1.811017893781537508e-05
2.138542406486751977e-04
1.751292835582389518e-04
1.581108529961072762e-04
1.622209645280939250e-04
2.888637761074286381e-04
2.806435530434564789e-04
2.958638098103441583e-04
2.802582300873331100e-04
3.259832208806837106e-04
2.492397321193727251e-04
2.281111900252543736e-04
1.917623911642472314e-04
1.058995924413409366e-04
-1.367896494239180008e-05
-8.637656266440377206e-05
-2.337625933817334339e-05
4.932133838383862689e-05
-5.587182863794083054e-05
-4.257818665167242134e-05
3.602769639757021769e-05
5.028464577414825521e-05
-1.175235016177255362e-05
-2.026156544283977954e-04
-1.650466662063340142e-04
-2.250928268689491305e-04
-1.410924224339744351e-04
-1.081473096853947935e-04
-7.295447969276012956e-05
6.922969111689918065e-05
2.291387179082504666e-04
4.304057419902164168e-04
7.574164907538950007e-04
1.114931973544036614e-03
1.436740862400043674e-03
1.741916643650044975e-03
1.994560061881841487e-03
2.143294722945603137e-03
1.922183566623265503e-03
1.807357325698391972e-03
1.700044882417930557e-03
1.566209375657617473e-03
1.351456048111321362e-03
1.299886992483428871e-03
1.247611511435974983e-03
1.142611005892256058e-03
9.851423578230225631e-04
8.549674191458874742e-04
7.387925478745810404e-04
5.075987742003384420e-04
4.012496383101864521e-04
2.682489979548101085e-04
1.651108866990227964e-04
1.760283704558621154e-04
2.260561342592593484e-05
5.073418922295875959e-05
1.510209106034301172e-04
2.289845887257996391e-04
3.509264602404250292e-04
5.750816679161405457e-04
7.659706603798398282e-04
8.939749464041453356e-04
9.248264710911193592e-04
9.680853949652776453e-04
1.103025494199810297e-03
1.119543004918981208e-03
1.189748847524726202e-03
1.329004563867844727e-03
1.460579509285563418e-03
1.571783714422874149e-03
1.577512182370580324e-03
1.530939481073758128e-03
1.442212448376998732e-03
1.294402562407933428e-03
1.131231134588068024e-03
9.386724093144987319e-04
6.852326569733793726e-04
5.189529573074493909e-04
3.744054723668980016e-04
2.408782239714853807e-04
1.213510429819020519e-04
3.586072311658206746e-05
2.265698982007538847e-05
2.008817011258402435e-05
-1.017252604166666610e-05
-2.060193405408264344e-05
3.005519057765135632e-05
1.849550189393934024e-05
4.025340481639272383e-05
6.475994482586277850e-05
1.233033459595958557e-05
2.275974260837541722e-05
5.702779750631330371e-06
4.765160557396888141e-05
1.044738975036826613e-04
8.045543323863638705e-05
1.699531118476431304e-04
2.320671723747895715e-04
2.907647026909723005e-04
3.075647835779672396e-04
3.349484016598274741e-04
3.435025712857744701e-04
3.008601641414141814e-04
2.550324205597643483e-04
3.257777153040825892e-04
3.979101726904461615e-04
4.431470877393729139e-04
4.943436645096801986e-04
5.710486209753788634e-04
6.180066452283250250e-04
5.699440285011574516e-04
4.833748043586911548e-04
3.472016716645624540e-04
3.109813137889311414e-04
2.389259209937921562e-04
1.257694128787878484e-04
1.954871797401084785e-05
-2.386433508259682909e-05
7.500953545875345227e-06
-3.311208602956664660e-05
-8.898391466750849358e-05
-8.918942024410767694e-05
-9.779496626420450603e-05
-8.700592349273983752e-05
-1.792779273858375146e-04
-2.171937062684132927e-04
-2.134175412984006676e-04
-1.548741401646675463e-04
-1.044995857007576320e-04
-2.314506556449923670e-05
2.073037503945699244e-05
8.125176734795866473e-05
1.305217293376472484e-04
4.821674590961694398e-05
1.186794704861110554e-04
9.648486821338380238e-05
1.873440212673610418e-04
1.364043264678030040e-04
2.183496751367845106e-04
3.175574922401094000e-04
3.613044918586911006e-04
4.933932012179082860e-04
5.674265851878156292e-04
7.198346584332913217e-04
8.700849231244740236e-04
1.124526515151515454e-03
1.317624692563657560e-03
1.548869842632050317e-03
1.770147972235375233e-03
1.920629430700231859e-03
1.891755897188026085e-03
1.749083650633943658e-03
1.566491945825441989e-03
1.292989711568812801e-03
9.856304335674446766e-04
7.649945088909927823e-04
5.764431423611106895e-04
4.336424548216534090e-04
3.239024769176128134e-04
1.869843865083114511e-04
1.223785708648981313e-04
3.408823751841275063e-05
3.467906605113604823e-05
-1.723678023726864589e-05
-4.939840297506330880e-05
-2.537993871001668900e-05
3.028638435132596785e-05
5.656540995896466173e-05
2.871940432975598684e-05
-9.918212890625001355e-05
-1.433401396780303959e-05
-1.638906973379629115e-05
-3.804421986795034056e-05
-6.416911629313972484e-05
-1.235345397332702165e-04
1.407713199705389268e-05
2.283680719960017705e-05
-3.290658045296718541e-05
1.687714547821967182e-05
6.291039463646884075e-05
9.856561217645201623e-05
7.241502755418772216e-05
8.112332636258416327e-05
1.769403014520202165e-04
2.160120492029671583e-04
3.046106409143518900e-04
4.387287178424874290e-04
5.488283305055766939e-04
6.637830124158250250e-04
6.407150114425506091e-04
6.468288023463806408e-04
5.946303858901516104e-04
5.142520172427399866e-04
4.614627722537879297e-04
3.556274003051346504e-04
3.141666502262205232e-04
2.515902021517255299e-04
2.148560803345958591e-04
1.512521043771042036e-04
1.350428520228323453e-04
8.703161168981468632e-05
1.139785304214013529e-04
7.454714791140567426e-05
1.736522122264301182e-05
1.217620541351015739e-05
-1.253584017255884517e-05
-7.372512560500834450e-05
-5.653972176188967741e-05
-4.025340481639301521e-05
-1.137987130418752735e-05
-2.874509252683068655e-05
-5.805532538930967962e-05
2.060193405408264344e-05
-9.129585240425068537e-05
1.834137271148992223e-05
2.594507904566555116e-06
-1.787898516414137680e-05
-5.232685744160349791e-05
-6.622417205913299504e-05
-4.202589041456231849e-05
-4.824243410669195540e-05
-3.354878537984011961e-05
-4.074148056081655173e-05
-5.227548104745371901e-05
-6.344984677504190037e-06
2.268267801715067772e-05
8.161140210700757781e-05
1.156996396254209112e-04
2.145735101667719125e-04
2.881701947864057285e-04
4.431984641335227470e-04
5.527843128551136265e-04
6.057533752235900451e-04
7.562348336884469960e-04
8.202755089962121245e-04
1.016687463831018575e-03
1.155763362794612900e-03
1.333114675399831592e-03
1.427159164891098281e-03
1.396179199218750000e-03
1.376502040259364353e-03
1.209734264849010631e-03
9.615605929082490571e-04
6.939923321759260263e-04
4.867656463725799775e-04
3.692678329519146906e-04
2.498434047506310415e-04
1.288776847248523721e-04
7.639669810079938162e-05
9.640780362215872745e-05
4.695802425294601923e-05
-1.148262409248733926e-05
2.902766269465643138e-06
2.065331044823262224e-05
1.995972912720994641e-05
-5.266080400357706076e-05
-3.131391223432205406e-05
6.833060421927948478e-06
-1.836706090856439833e-05
4.708646523832072398e-05
4.921858559553870995e-05
7.033428359111952187e-05
3.080014829282406178e-05
5.404796664562287999e-05
1.298795244107743888e-04
1.499933827204335093e-04
1.049362850510311592e-04
3.074877189867422867e-05
3.426805489793770861e-05
7.868294764046718541e-05
8.831602154356058183e-05
6.869023897832487590e-05
6.881867996369949933e-05
1.077876749263468155e-04
1.372263487742003609e-04
1.721366085990109834e-04
2.932564578072389895e-04
4.148900709569653539e-04
6.247369528619527287e-04
7.708514178240739737e-04
8.645619607533668559e-04
9.367201063368053989e-04
8.219452418060813753e-04
7.697211371527775368e-04
5.622632575757571848e-04
3.918734463778405543e-04
2.942326092960855476e-04
1.385107586279460260e-04
4.754885278566931684e-05
-6.547921434396034718e-05
-2.324781835279868608e-05
-9.941332267992345956e-06
-2.807719940288299842e-05
-4.621306653777365597e-05
-3.452493686868698258e-05
-4.582774358164997541e-05
-9.350503735269365818e-05
-1.360703799058291701e-04
-1.449584960937500000e-04
-1.210941610111531709e-04
-1.189106642597853315e-04
-7.436733053188119061e-05
-8.780225760206218297e-05
-1.854687828808903105e-05
-8.988300156513046458e-05
-1.650209780092592061e-04
-1.145179825599747361e-04
-6.925537931397304011e-05
-6.537646155566072162e-05
-3.729926215277770625e-05
1.759641499631739634e-05
4.390112880103116602e-05
-3.020931976010100134e-05
-4.600756096117426932e-05
-3.991945825441923552e-05
-7.395631937868271547e-05
-8.721142906933927838e-05
-8.564444904776944984e-05
3.647723984638006393e-06
5.451035419297135088e-05
1.225327000473484980e-04
2.649480646306818133e-04
4.339507131865530040e-04
6.585169320154671312e-04
8.658977470012625167e-04
1.042041714343960347e-03
1.229334359217171746e-03
1.368281817195391055e-03
1.343852341777146278e-03
1.234189428464330541e-03
1.051674788247053622e-03
8.621215820312496747e-04
6.358856303924661883e-04
4.202845923426976678e-04
3.261373500631310415e-04
2.527975474142463912e-04
2.343277337173820115e-04
1.998541732428450247e-04
1.315492572206436938e-04
1.191675462305343615e-04
9.846285938815233646e-05
1.187822232744109656e-04
1.785329696706664321e-05
-4.582774358164969081e-05
-4.562223800505035837e-05
-2.725517709648538067e-05
-6.136910281197369837e-05
-9.270870324337102814e-05
-1.071197818023987141e-04
5.828651916298398960e-05
2.455791640361951848e-05
7.470127709385521425e-05
5.494705354324493231e-05
4.521122685185186289e-05
4.238552517361115704e-05
4.803692853009259586e-05
3.827541364162460310e-05
-2.270836621422560106e-05
1.453951954440237203e-05
-2.283680719960016689e-05
-3.452493686868684706e-05
5.445897779882201244e-06
2.725517709648572287e-05
9.106465863057663966e-05
7.264622132786197116e-05
7.637100990372480388e-05
8.854721531723483083e-05
1.341694533222852908e-04
2.215606997711489173e-04
2.768930762705176319e-04
3.853486443208123456e-04
5.387585572522095127e-04
5.458741878419611816e-04
5.072391394412877671e-04
4.080570105350378213e-04
3.385704374473904373e-04
2.237955729166665221e-04
1.046794030802818582e-04
4.857638066866582996e-05
-1.697989826651919235e-05
-1.875238386468691676e-06
-4.962959674873719187e-05
-7.883707682291652211e-05
-6.915262652567319770e-05
-4.343874125368251895e-05
-7.400769577283249437e-05
-7.005171342329549397e-05
-1.022647125552398375e-04
-1.043711447153829273e-04
-1.063491358901515020e-04
-9.797478364372898968e-05
-1.194244282012835948e-04
-1.417217832623105141e-04
-9.679312657828276038e-05
-9.134722879840070822e-05
-1.143895415746002211e-04
-1.347602818550084529e-04
-1.908633042666246641e-04
-1.815898651225800046e-04
-1.864963107638889039e-04
-1.226354528356481642e-04
-5.127364136153200047e-05
2.070468684238209282e-05
5.810670178345958727e-05
7.233796296296295895e-05
7.935084076441500228e-05
7.292879149568603971e-05
8.179121948653199370e-05
1.078904277146466342e-05
4.919289739846379340e-05
1.155455104429713441e-04
1.675384213226010013e-04
2.868600967355849842e-04
5.081639145359847631e-04
7.518421519886363735e-04
1.015043419218223915e-03
1.221576523700546946e-03
1.348553281841856008e-03
1.324586193970959730e-03
1.115869592737268575e-03
9.337916518702653454e-04
6.536104863741582860e-04
3.788752186579336448e-04
2.009844539141416241e-04
6.902418554029898085e-05
-3.724788575862683637e-06
-2.116707438973066196e-05
-3.634879886100569885e-05
-2.206616128735267024e-05
-4.289928911510934584e-05
-7.595999875052601702e-05
-5.497274174031997931e-06
4.803692853009323791e-06
9.684450297243324401e-06
9.222062749894970407e-06
-1.179088245738633792e-05
1.405144379997899476e-05
-4.739472360321966843e-05
-5.815807817760934584e-05
-4.302773010048404381e-05
2.923316827125418241e-05
-1.695421006944465526e-06
-4.446626913667930990e-05
-7.837468927556818675e-05
-3.159648240214648853e-05
-2.080743963068177853e-06
-3.932862972169611410e-05
-5.607733421454124041e-05
-1.010059908985690347e-04
-9.782065446127949035e-05
-7.118199409459176818e-05
-1.584704877551557014e-04
-1.190134170480850384e-04
-5.687366832386366039e-05
5.153052333228112536e-05
1.276960276594065358e-04
1.978761820680765855e-04
3.593265006839225259e-04
4.516498809711700225e-04
5.262484052767255841e-04
6.247112646648780290e-04
5.783440689446549482e-04
4.675508749605429364e-04
4.211323028461700225e-04
3.232088955965909337e-04
2.322213015572390708e-04
1.453951954440235814e-04
1.455493246264730808e-04
1.150831228956229139e-04
1.241767446601430762e-04
9.412155408249158774e-05
4.503140947232749444e-05
1.615787596012207943e-05
2.211753768150264904e-05
1.027527882996734410e-06
-5.741312046243676574e-05
-4.415801077178018249e-05
-3.046620173085009574e-05
-5.127364136153192593e-05
-6.763702289825340556e-05
3.611760508733159215e-05
1.125143031881309026e-05
-9.864267676767740287e-06
1.099454834806385187e-05
-7.824624829019356331e-05
-4.688095966172132377e-05
-9.889955873842529787e-06
-3.118547124894777622e-05
7.321136166351028445e-06
3.976532907196969553e-05
3.442218408038717406e-05
2.129551537510512954e-05
-3.064601911037471152e-05
1.107161293928860153e-05
-1.705696285774417579e-05
6.036726312605182906e-06
4.780573475641833331e-05
1.134904546769781281e-04
1.694650361032197430e-04
2.605296947337963826e-04
3.486402107007576727e-04
4.865087644018308119e-04
6.086561414930556158e-04
6.842308172874579522e-04
8.320407032565236899e-04
7.733174847432659630e-04
7.137208675294612900e-04
5.685311776620371495e-04
4.277598576914983853e-04
2.948748142229588409e-04
1.328079788773148218e-04
5.006629609901084785e-05
-3.699100378787983923e-06
-1.415419658827866098e-05
-1.266428115793350079e-05
2.013954650673399976e-05
9.530321114793825071e-06
6.678931239479749555e-07
1.320373329650696528e-05
1.086610736268962993e-05
3.876348938604813962e-05
3.681118640835463052e-05
4.289928911510963722e-05
7.580586956807665322e-05
3.146804141677183800e-05
-1.572117660984864368e-05
-5.248098662405314632e-05
-3.955982349537048506e-05
-5.194153448547983090e-05
4.562223800505045324e-05
-1.089179555976437538e-05
2.697260692866154251e-05
3.038913713962541384e-05
3.647723984638037734e-06
-6.676362419770620203e-05
-6.904987373737368056e-05
-1.998541732428443945e-05
-2.843683416193172855e-05
2.440378722117010724e-05
3.622035787563247810e-06
8.276737097537886344e-05
5.286630958017678623e-05
3.395979653303875739e-05
9.941332267992428965e-05
9.329953177609428508e-05
1.339382595486111232e-04
2.149331449258206630e-04
3.121629708543771403e-04
4.225708418823654038e-04
3.891504974878998331e-04
3.902807781591961615e-04
3.697815968934132385e-04
3.187134611084806450e-04
2.271093503393308390e-04
1.711090807160143212e-04
1.335015601983375688e-04
1.397437920875421562e-04
1.237657335069445739e-04
9.109034682765150201e-05
5.592320503209168009e-05
-2.037074028040832330e-05
-4.107542712279048727e-05
-1.446245495317773079e-05
-4.909014461016423560e-05
-4.844793968329124718e-05
3.118547124894775589e-05
3.324052701494101253e-05
6.486269761416241762e-05
2.103863340435607919e-05
4.194882582333750784e-05
1.289547493160767694e-05
-9.494357638888891750e-05
-5.045161905513467071e-05
-6.717463535090483981e-05
-8.816189236111112316e-05
-4.459471012205386557e-05
-5.849202473958328816e-05
-3.557815294875837160e-05
-2.979830860690193751e-06
1.191932344276096474e-05
1.034463696206860397e-04
4.698371245002103065e-05
7.393063118160771760e-05
1.641732675057870411e-04
2.715756194760100676e-04
3.743540959727483311e-04
4.490553730666035589e-04
6.426416262231693507e-04
7.632733996869741321e-04
7.415154967645204605e-04
6.985905194523359812e-04
5.914193612557872579e-04
4.591765227141204647e-04
3.406511814104588409e-04
2.129294655539773343e-04
1.529989017781986649e-04
5.230116924452866267e-05
3.452493686868698258e-05
3.395979653303881837e-05
-2.954142663615317091e-05
-4.390112880103116602e-05
-3.110840665772315530e-05
9.607385706018501892e-06
-1.140555950126266074e-05
-1.510465988005050067e-05
3.162217059922148640e-05
-8.091782078598353995e-06
-8.045543323863619731e-05
-1.154427576546716779e-04
-8.371783426715066756e-05
-6.273057725694449263e-05
-8.102057357428464612e-05
-4.801124033301781483e-05
-1.798173795244881741e-07
3.827541364162494700e-06
-9.260595045507151099e-05
-1.392814045401935227e-04
-1.780448939262415200e-04
-1.626319756812920206e-04
-1.127198087647306586e-04
-7.531779382365323867e-05
-3.683687460542931668e-05
5.438191320759679521e-05
8.420591001157406855e-05
7.215814558343850240e-05
2.311937736742417784e-05
3.105703026357315956e-05
2.502030395096789450e-05
3.295795684711691010e-05
1.990835273305965251e-05
1.174207488294401713e-04
1.871898920849115967e-04
1.545658817997685205e-04
1.608081136889730537e-04
1.475530039983165178e-04
1.785843460648148218e-04
1.608338018860479160e-04
1.390502107665192737e-04
1.314721926294191068e-04
7.431595413773138461e-05
1.266428115793339237e-05
-5.520393551399417918e-05
-1.427236229482323410e-04
-1.700558646359428237e-04
-1.904779813105009429e-04
-1.231492167771465766e-04
-8.695454709859019415e-05
-8.620958938341761405e-05
-2.142395636047990205e-05
1.230464639888461481e-05
3.175061158459593365e-05
-3.979101726904457821e-05
-5.725899127998732062e-05
1.926614780618736968e-06
-2.019092290088381593e-05
-2.350470032354797022e-05
-2.864233973853113553e-05
-8.502793231797162871e-06
-9.658762100168372271e-06
-1.181400183475378891e-04
-6.563334352640994138e-05
-2.874509252683079497e-05
-4.323323567708334914e-05
-4.811399312131731842e-05
6.021313394360277866e-05
1.897587117924032522e-04
2.594507904566498331e-04
3.351282190393518358e-04
4.025597363610058954e-04
4.510076760442971629e-04
4.562994446417298106e-04
3.309667311132155165e-04
2.481736719407618449e-04
1.459346475825968291e-04
1.553365277120159359e-04
9.093621764520200268e-05
3.493594802188550516e-05
2.594507904566499890e-05
1.767347958754208502e-05
6.550490254103576687e-06
-5.086263020833326105e-05
-4.700940064709592010e-05
-2.078175143360684249e-05
3.868642479482332219e-05
3.213593454071981751e-05
4.729197081492015128e-05
2.481479837436881278e-05
4.932133838383855913e-05
1.351199166140581825e-05
-4.549379701967584336e-05
-3.074877189867417446e-05
-5.818376637468433693e-05
-4.086992154619101253e-05
-5.086263020833326105e-05
1.926614780618741626e-06
-8.322975852272602990e-06
-5.391952566024818880e-05
-2.252854883470102254e-05
-4.336167666245784383e-05
-5.479292436079541943e-05
-1.321657739504418538e-04
-1.261547358349115967e-04
-9.520045835963808305e-05
-6.344984677504208841e-05
-2.437809902409508904e-05
-6.743151732165400536e-05
-2.450654000946967182e-05
2.969555581860267024e-05
4.212864320286170180e-06
-2.820564038825758120e-05
-7.046272457649410464e-05
2.106432160143076196e-06
7.657651548032412276e-05
1.118977864583333695e-04
1.212996665877525033e-04
1.348373464462331213e-04
2.187863744870580920e-04
1.281841034038300046e-04
9.473807081228954440e-05
4.515985045770206367e-05
2.355607671769792191e-05
7.911964699074171891e-06
-2.227166686395198574e-05
-3.501301261311028193e-05
-6.573609631470963470e-05
-1.203235150989057827e-04
-9.579128689236121803e-05
-6.781684027777787566e-05
-8.947199041193186746e-05
-2.119276258680555141e-05
-4.778004655934334391e-06
9.008850714172975636e-05
5.772137882733583894e-05
2.029367568918362530e-06
5.779844341856080036e-06
-3.462768965698658104e-05
-6.755995830702861524e-05
-7.585724596222637791e-05
-6.825353962805128091e-05
-3.645155164930550737e-05
-3.023500795717591789e-05
-1.777623237584171058e-05
-6.106084444707487590e-05
-7.367374921085853849e-05
-4.205157861163717406e-05
-8.631234217171717185e-05
-7.536917021780304468e-05
-4.649563670559762966e-05
-1.076335457438973840e-05
-4.888463903356482184e-05
-7.249209214541249894e-05
-1.307529231113218261e-05
-3.660568083175508124e-05
-4.128093269938976550e-05
9.879680595012625167e-05
8.900960286458331526e-05
1.618099533748947993e-04
1.636338153672138205e-04
1.673842921401515291e-04
1.313694398411195490e-04
1.163418445522937844e-04
1.075821693497474967e-04
8.443710378524837176e-05
1.021619597669402797e-04
6.208837233007161941e-05
2.977262040982749106e-05
4.351580584490745158e-05
1.960009436816082665e-05
1.104592474221411866e-06
-1.990835273305975077e-05
4.238552517361108928e-05
4.631581932607321377e-05
-2.188634390782829162e-05
4.837087509206646364e-05
4.315617108585836400e-06
2.162946193707912607e-05
1.644044612794616153e-05
4.726628261784501281e-06
7.606275153882575100e-05
1.772485598169191813e-05
6.365535235164138019e-05
3.015794336595113096e-05
7.321136166350964917e-06
3.244419290561870775e-05
2.923316827125420952e-05
1.268996935500841734e-05
2.268267801715066756e-05
1.438539036195290870e-06
1.343492707018096017e-05
-4.865344525989062028e-05
-9.517477016256316649e-05
-4.300204190340912048e-05
-4.916720920138891072e-05
-1.808449074074074990e-05
-1.130280671296295895e-05
3.473044244528620660e-05
4.580205538457491656e-05
4.906445641308917166e-06
2.481479837436870436e-05
3.175061158459596076e-05
-1.669732809869528981e-05
-4.572499079335001951e-06
4.418369896885575465e-06
6.678931239478159462e-06
-7.141318786826549032e-06
1.808449074074082105e-05
2.594507904566507005e-05
1.356336805555561579e-05
-2.789738202335854866e-05
2.006248191550932464e-05
2.571388527199078378e-05
3.000381418350170617e-05
3.781302609427608478e-05
3.046620173085016689e-05
4.657270129682237932e-05
1.104592474221375782e-05
-6.165167297979828362e-06
-1.595237038352278425e-05
4.033046940761754295e-06
4.323323567708326105e-05
4.603324915824909101e-05
8.507930871212117721e-05
8.983162517098059081e-05
9.481513540351429407e-05
1.032151758470117501e-04
1.178060717855639196e-04
1.287235555424031709e-04
9.342797276146884075e-05
1.158537688078703428e-04
1.607824254918980829e-04
2.069954920296716643e-04
1.861109878077651556e-04
1.770944306344697430e-04
1.879862261942340641e-04
1.485548436842383177e-04
7.716734401304723063e-05
3.118547124894790497e-05
1.443676675610281424e-05
8.107194996843433016e-05
8.882978548505884517e-05
1.241253682659931889e-04
2.090248595985900180e-04
2.129294655539771717e-04
2.668489912142255299e-04
2.515131375605008344e-04
2.709077263520623456e-04
2.699572630602904873e-04
2.212781296033249979e-04
1.972596653382786694e-04
2.058138349642255028e-04
1.665365816366791744e-04
1.743971699416033692e-04
1.571347015072598779e-04
1.649439134180342124e-04
2.022431755708120474e-04
1.513291689683288720e-04
1.455236364293980287e-04
1.790210454150883491e-04
2.308598271122683579e-04
2.156267262468434913e-04
1.808192192103325079e-04
2.485333066998107851e-04
3.200235591593013351e-04
1.981073758417506989e-04
1.101766772543140009e-04
8.230498342803004019e-05
7.380219019623302640e-05
3.362584997106468632e-05
6.139479100904984652e-06
9.514908196548831770e-05
1.453695072469486649e-04
1.671274101694026346e-04
1.536924830992216287e-04
1.199381921427819937e-04
5.522962371106900087e-05
-1.040371981534069826e-05
1.297253952283264344e-05
9.889955873842656842e-06
-1.245877558133402266e-05
-3.259832208806802412e-05
-3.873780118897300623e-05
-3.878917758312327810e-06
-9.322246718486935924e-05
-1.030353584674873342e-04
-6.871592717539998219e-05
-5.183878169718030698e-05
-6.858748619002648192e-06
-1.813586713489065416e-05
4.582774358164969081e-05
5.561494666719268143e-05
3.950844710122065195e-05
8.695454709859030257e-05
5.592320503209196469e-05
1.787898516414163430e-05
4.366993502736536978e-07
-2.047349306870769814e-05
4.148643827598900985e-05
-5.088831840540831991e-05
-3.198180535827031817e-05
8.733987005471339021e-06
5.137639414983311004e-07
8.451416837647329761e-06
-2.152670914877935143e-05
5.836358375420896966e-05
-9.478944720643702276e-06
-1.189363524568600414e-05
-9.247750946969959807e-07
2.907903908880467292e-05
1.721109204019336977e-06
1.590099398937269704e-05
9.964451645359834891e-05
3.593778770780731857e-05
1.125143031881330710e-05
4.726628261784646123e-06
2.075606323653228846e-05
-1.027527882996604433e-05
-2.527718592171702278e-05
1.186794704861101474e-05
-1.967715895938564746e-05
-4.413232257470563186e-05
-3.781302609427659300e-05
-3.203318175242029359e-05
-6.375810513994130391e-05
-3.285520405881733197e-05
2.445516361531998101e-05
4.454333372790429674e-05
1.412850839120396126e-05
2.363314130892323062e-06
3.681118640835433914e-05
-2.666434856376266244e-05
-5.304612695970131053e-05
-7.118199409459197147e-05
-5.438191320759697139e-05
-5.764431423611130612e-05
-9.797478364372898968e-05
-9.910506431502531810e-05
-8.076369160353533150e-05
-6.090671526462534269e-05
-6.732876453335433914e-05
-6.699481797138035616e-05
-7.403338396990734316e-05
3.185336437289652822e-06
1.284409853746550641e-07
-1.908633042666234986e-05
-6.391223432239036956e-05
-5.880028310448204287e-05
-5.918560606060571666e-05
-6.427186908143905225e-05
-4.919289739846368498e-05
2.525149772464229596e-05
2.183496751367847884e-05
1.710833925189398180e-05
2.134689176925506091e-05
6.231956610374577354e-05
4.495434488110264313e-05
4.243690156776092916e-05
1.112298933343853459e-05
-5.838927195128367615e-05
-1.254611545138888768e-04
-1.177290071943392106e-04
-6.827922782512626523e-05
-6.178011396517256654e-05
-6.260213627156985565e-05
1.340923887310606055e-05
5.153052333228112536e-05
4.433782815130469325e-05
1.148262409248736128e-05
2.317075376157404484e-05
2.180927931660350808e-05
4.297635370633417682e-05
5.946817622843014435e-05
6.966639046717174565e-05
3.832679003577444977e-05
3.031207254840072516e-05
-8.451416837647239975e-06
-4.182038483796292507e-05
-7.190126361268935041e-05
-1.212996665877525169e-04
-7.447008332018099236e-05
-4.241121337068603971e-05
3.622035787563089838e-06
4.847362788036610953e-05
5.779844341856057505e-05
5.802963719223481727e-05
-1.572117660984851493e-05
-1.736522122264314057e-05
2.037074028040823182e-05
1.741659761679291947e-05
-3.878917758312318493e-06
5.222410465330389268e-05
1.281070388126052549e-04
1.385107586279461615e-04
3.781302609427609156e-05
9.787203085542917777e-06
2.227166686395201284e-05
1.934321239741155268e-05
2.612489642518934024e-05
-5.982781098747901001e-05
5.176171710595536081e-05
6.904987373737370767e-05
7.873432403461697786e-05
4.605893735532410243e-05
5.004060790193607359e-05
5.302043876262630588e-05
8.554169625946977346e-06
-2.409552885627104082e-05
7.159300524779041951e-05
1.349657874316077583e-04
1.403089324231902391e-04
1.966945250026304510e-04
1.986468279803240821e-04
3.047390818997263644e-04
2.379497695049451916e-04
2.645370534774830400e-04
2.810545641966538969e-04
2.911500256470958320e-04
3.003464001999157419e-04
3.115978305187289219e-04
3.649779040404040054e-04
3.382878672795665178e-04
3.642072581281565087e-04
4.247286504366581776e-04
4.559141216856060080e-04
4.464865533591118492e-04
4.244203920717591789e-04
4.652389372238005007e-04
4.076459993818391564e-04
4.280424278593221964e-04
3.936459319760098508e-04
2.893775400489265355e-04
3.545228078309130217e-04
3.940055667350586825e-04
4.945234818892043976e-04
4.277855458885733019e-04
4.702481356534092831e-04
4.948060520570289134e-04
5.196979150226222963e-04
4.603324915824916555e-04
4.221084543350169600e-04
4.576866072837753045e-04
4.883583145912246412e-04
5.273273095538719710e-04
4.905931877367423815e-04
5.487512659143517274e-04
5.525274308843640273e-04
5.776761758207064673e-04
5.263254698679497917e-04
5.566632306134253758e-04
5.535035823732107479e-04
5.061602351641407297e-04
5.327988955308287635e-04
5.178997412273780290e-04
5.952725908170246327e-04
6.086047650989059995e-04
5.862817218408045974e-04
5.167180841619325180e-04
4.798041449652785668e-04
4.581489948311239652e-04
4.116533581255260306e-04
4.008129389599113528e-04
3.655687325731267067e-04
4.239836927214853807e-04
3.820091787010727598e-04
3.809302744239266981e-04
2.782288625184133469e-04
1.753733214304506319e-04
1.944082754629632842e-04
1.575970890546092432e-04
1.710320161247905202e-04
1.591897572732545033e-04
2.093074297664151843e-04
2.397479433001899196e-04
1.899642173690026389e-04
1.452924426557239965e-04
1.378171773069233332e-04
1.036775633943600312e-04
1.267969407617840769e-04
1.501732000999579794e-04
1.684631964172979973e-04
1.229180230034720295e-04
7.950496994686406793e-05
1.115124635022087944e-04
4.798555213594209867e-05
-9.222062749895837768e-06
-4.225708418823722479e-05
-2.085881602483253067e-05
-4.408094618055651703e-05
-7.621688072127590086e-05
-8.189397227483195807e-05
-7.418751315235727617e-05
-1.376887363215527349e-05
2.347901212647271824e-05
7.400769577283264344e-05
4.634150752314802191e-05
6.075258608217540968e-05
8.053249782986073013e-05
5.425347222222202948e-05
5.736174406828729177e-05
2.915610368002935143e-05
4.331030026830801072e-05
4.698371245002129493e-05
4.842225148621662201e-05
2.910472728587995200e-05
1.374318543507999610e-05
5.366264368949930785e-05
4.682958326757193790e-05
7.238933935711326640e-05
3.408823751841390937e-05
9.735826691393301507e-06
5.908285327232976059e-07
-2.481479837436867048e-05
-2.373589409722202948e-05
-9.830873020570268805e-05
-5.024611347853533827e-05
-6.704619436552715181e-06
2.774325284091277204e-06
-6.740582912457872289e-05
-2.283680719960002120e-05
7.755266696917069436e-05
-6.524802057028660132e-06
-5.576907584964261444e-05
-5.969937000210463052e-05
-3.637448705808068316e-05
-7.552329940025265243e-05
-1.440594091961280019e-04
-7.673064466277394735e-05
-1.762210319339261105e-05
-4.313048288878395398e-05
-6.242231889204592765e-05
-7.426457774358195807e-05
-5.507549452861993522e-05
-7.994166929713800173e-05
-8.651784774831607061e-05
-1.003637859716960125e-04
-1.053986725983793726e-04
-1.059381247369526881e-04
-1.455493246264727284e-04
-9.247750946969671138e-05
-8.120039095380869609e-05
-1.610649956597202948e-05
2.851389875315665440e-05
5.070850102588397856e-05
9.142429338962534946e-05
5.769569063026070555e-05
2.892490990635520408e-05
4.572499079335027362e-06
-1.554135923032406516e-05
-2.856527514730636892e-05
-4.636719572022303333e-05
-1.351199166140571763e-04
-1.613218776304713306e-04
-1.553365277120159359e-04
-1.514319217566287279e-04
-7.187557541561440675e-05
-8.078937980061018029e-05
-6.979483145254622000e-05
-3.159648240214555426e-06
-4.238552517361051160e-06
2.517443313341786393e-06
2.979830860690266172e-06
4.112680351694026617e-05
9.322246718486956252e-05
6.976914325547139831e-05
6.404067530776516917e-05
9.440412425031568340e-05
4.531397964015152234e-05
5.856908933080775491e-06
-1.063491358901519120e-05
1.122574212173819065e-05
9.710138494318178276e-06
-3.306070963541666441e-05
-4.035615760469273564e-05
-4.888463903356477441e-05
-7.218383378051308015e-06
-3.529558278093431660e-05
-5.137639414980600498e-08
4.623875473485160427e-07
9.396742490004210196e-05
8.587564282144361752e-05
1.469364872685187136e-05
2.175790292245374273e-05
1.638906973379633859e-05
6.966639046717173209e-05
-2.743499447601008116e-05
-6.386085792824072618e-05
-2.432672262994527287e-05
-3.447356047453706138e-05
-3.308639783249162162e-05
-6.018744574652778079e-05
-2.974693221275253384e-05
-1.258721656670873249e-05
-5.178740530303031124e-05
-3.437080768623737483e-05
-4.770298196811868742e-05
-4.446626913667928958e-05
1.361474444970550311e-06
7.888845321706647719e-05
8.677472971906566984e-05
5.959661721380472713e-05
3.830110183869951966e-05
-2.800013481165832076e-06
-1.097656661011153361e-04
-9.859130037352693279e-05
-1.068885880287247497e-04
-1.350171638257575914e-04
-7.868294764046717185e-05
-7.716734401304712221e-05
-9.556009311868706051e-06
-6.198561954177187188e-05
-7.064254195601835790e-06
6.529939696443603971e-05
-1.739090941971803680e-05
9.144998158670003901e-06
2.949005024200333780e-05
3.724788575862788669e-05
-1.849550189393991961e-06
-2.157808554292932684e-05
1.818724352904034158e-05
5.515255911984423765e-05
2.363314130892254283e-05
4.675251867634668171e-06
7.539485841487792057e-05
5.684798012678870995e-05
1.000812158038720388e-04
1.333988074100378484e-04
1.863421815814393504e-04
2.476085316051135723e-04
2.531828703703703563e-04
3.418071502788299775e-04
3.645925810842803112e-04
2.996528188788931033e-04
2.982399680397726928e-04
3.605081577493686874e-04
4.049744268860479431e-04
3.686256280250419935e-04
3.732751916956018358e-04
4.195139464304503338e-04
4.767729377104376544e-04
4.302516128077650743e-04
3.810330272122263644e-04
3.230033900199916013e-04
3.093115809790613485e-04
3.323538937552608478e-04
2.901224977640993324e-04
3.051244048558501669e-04
3.593521888809974967e-04
4.488498674900040096e-04
4.761050445864898240e-04
4.047175449152988318e-04
3.757155704177186917e-04
3.199208063710016689e-04
2.684159712357953313e-04
2.458874224010943257e-04
2.246175952230639874e-04
3.167354699337120161e-04
3.264969848221803070e-04
3.353851010101010013e-04
2.825444796269993282e-04
2.813114461674033335e-04
2.617370399963173523e-04
1.846724487715699912e-04
1.701072410300926568e-04
1.679494324757996662e-04
1.854944710779670228e-04
1.903238521280513351e-04
1.948706630103116467e-04
1.521255030776516375e-04
1.201950741135313083e-04
1.567750667482116153e-04
1.523823850484009657e-04
9.620229804555996422e-05
3.642586345223066535e-05
3.999652284564399196e-05
1.520741266835002289e-05
1.533585365372467851e-05
-3.056895451914969081e-05
-9.042245370370337681e-06
-4.110111531986648803e-07
2.761481185553435813e-05
6.822785143097635080e-05
3.601485229903170909e-05
5.582045224379172249e-05
3.005519057765135632e-05
1.317804509943168620e-05
-6.103515625000000000e-05
-8.091782078598469530e-05
-8.949767860900639100e-05
-1.323455913299660528e-04
-1.330134844539140188e-04
-1.497878771438340142e-04
-1.100482362689393369e-04
-1.016738840225169736e-04
-1.383566294454969604e-04
-7.508660004997928783e-05
-3.776164970012661082e-05
2.931023286247870507e-05
-9.735826691393301507e-06
-5.060574823758431234e-05
-1.335786247895631892e-05
-5.969937000210433914e-05
-1.487089728666876815e-04
-2.181955459543350113e-04
-2.090505477956649887e-04
-1.678209914904250021e-04
-2.272377913247053405e-04
-2.198652787642046416e-04
-1.399236094670666534e-04
-9.129585240425098353e-05
-1.864963107638898526e-05
4.546810882260013398e-06
7.064254195601835790e-05
7.023153080281969302e-05
-9.556009311868668782e-06
-3.555246475168335340e-05
-1.007491089278196930e-04
-1.465254761153196930e-04
-1.513034807712540367e-04
-1.477841977719903874e-04
-8.908666745580772612e-05
-7.932515256733971981e-05
-6.052139230850137752e-05
-7.421320134943169128e-05
-9.378760752051737437e-05
-1.062720712989263864e-04
-7.305723248106036499e-05
-1.001582803950966800e-04
-9.841148299400235427e-05
-6.111222084122438375e-05
-6.861317438710001781e-05
-6.427186908143933685e-05
-4.567361439920033378e-05
-5.641128077651531148e-05
-3.601485229903228508e-05
-5.063143643465958804e-05
-6.535077335858626585e-05
-2.458360460069492631e-05
-4.675251867634726277e-05
1.104592474221339529e-05
-5.291768597432955176e-06
1.023931535406145152e-04
4.161487926136367394e-05
-1.004408505629207486e-05
1.279272214330807340e-05
-4.593049636994951966e-05
-4.975803773411196438e-05
-5.705348570338804917e-05
-3.560384114583334914e-05
-2.651021938131313600e-05
-6.511957958491162383e-05
-3.246988110269359720e-05
4.223139599116160350e-05
2.558544428661615696e-05
5.969937000210437302e-05
1.200923213252314659e-04
2.049147480666035318e-04
2.975977631128998873e-04
3.582475964067762474e-04
5.570485535695497746e-04
6.132029523753158460e-04
7.365833629261364819e-04
9.245182127262206858e-04
9.546761560921719625e-04
9.581954390914353137e-04
8.945400867397938251e-04
8.757620146780303655e-04
7.118713173400672981e-04
4.694774897411616780e-04
3.269336841724536716e-04
1.982358168271253359e-04
7.637100990372468190e-05
6.678931239478015467e-06
-5.284062138310197809e-05
-5.332869712752532487e-05
-3.159648240214663761e-05
-9.042245370370395618e-05
-9.288852062289594546e-05
-1.059638129340279705e-04
-4.320754748000863588e-05
-1.739090941971829091e-05
-5.040024266098497990e-05
-7.901689420244100575e-05
-3.434511948916234986e-05
-3.449924867161199149e-05
-7.202970459806400094e-05
-1.335786247895623592e-05
-4.700940064709586420e-06
3.005519057765173833e-06
6.910125013152374576e-06
-1.148262409248737653e-05
-4.351580584490741770e-05
-4.446626913667928280e-05
7.038565998526926011e-06
4.921858559553868962e-05
6.545352614688549839e-05
9.037107730955387913e-05
1.761182791456229139e-04
1.656888711332070365e-04
5.155621152935605547e-05
-2.594507904566497518e-05
-3.884055397727271310e-05
-1.279272214330807340e-05
-2.180927931660352163e-05
7.418751315235693736e-05
1.738063414088805052e-04
2.563168304135101760e-04
2.980087742660984980e-04
3.552420773490110647e-04
4.283249980271465495e-04
3.335355508207071720e-04
3.629999128656354848e-04
3.364383170901725259e-04
3.277813946759258637e-04
2.737077398332280333e-04
1.726503725405091789e-04
1.318832037826178259e-04
6.365535235164142085e-05
5.998194016992842124e-05
9.299127341119648921e-06
-4.431213995422975636e-05
-2.139826816340483981e-05
4.012496383101857474e-05
1.276703394623331100e-05
6.961501407302314412e-06
-3.896899496264725522e-05
1.854687828808924789e-05
1.145693589541249385e-05
-1.787898516414134292e-05
-3.336896800031566307e-05
-3.457631326283667339e-05
2.496892755681813254e-05
6.858748619002523678e-05
1.062206949047769192e-04
1.307529231113215517e-04
5.782413161563553227e-05
6.591591369423402348e-05
-4.829381050084149713e-06
-3.955982349537034954e-05
-8.148296112163299504e-05
-9.368485473221800630e-05
-2.609920822811446435e-05
-9.142429338962540367e-05
-6.802234585437707257e-05
-6.152323199442336034e-05
-2.191203210490315397e-05
1.112298933343857017e-05
6.653243042403198014e-06
1.792779273858375146e-04
3.336639918060815922e-04
4.976317537352694092e-04
6.684582642834596211e-04
8.995235969723276367e-04
1.045869255708122914e-03
1.113095267453177587e-03
1.057634449968434479e-03
1.029762756142150668e-03
9.275494199810606225e-04
7.279264405118897113e-04
5.677091553556398197e-04
4.607435027356904830e-04
3.337410563973066129e-04
2.428305269491796081e-04
1.779678293350169872e-04
1.356850569497056386e-04
1.064775768755263016e-04
4.310479469170896966e-05
8.430866279987396517e-05
4.896170362478965282e-05
4.027909301346829091e-05
4.320754748000863588e-05
3.822403724747496651e-05
4.736903540614496871e-05
1.538723004787465393e-05
3.568090573705830210e-05
-5.841496014835836909e-05
-9.604816886311032937e-05
-1.149033055160985522e-04
-1.343492707018098151e-04
-1.422612354008838701e-04
-1.416447186710858728e-04
-8.533619068287034276e-05
-5.946817622843009014e-05
-3.789009068550080057e-05
2.329919474694866488e-05
-2.756343546138470459e-05
5.659109815603951052e-05
6.812509864267668458e-05
1.132849491003780266e-05
5.420209582807233867e-05
-4.056166318129212229e-05
2.119276258680554464e-05
-1.163418445522937573e-04
-1.315235690235689941e-04
-7.526641742950337846e-05
-5.479292436079549397e-05
4.287360091803446316e-05
1.540778060553450789e-04
3.538035383128155750e-04
3.990918297558921604e-04
3.756385058264939962e-04
3.467649723142886557e-04
3.275758890993265312e-04
1.663567642571548127e-04
2.096156881313124143e-05
1.659457531039556938e-05
-8.220223063973099400e-06
-5.040024266098485115e-05
-4.174332024673820928e-05
-1.926614780618685722e-05
1.155968868371244976e-06
-1.284409853745773541e-06
4.187176123211290048e-06
2.797444661458333220e-05
-1.893220124421297589e-05
-1.628631694549662493e-05
-6.165167297979774152e-06
1.225327000473487148e-05
2.995243778935189000e-05
-3.329190340909089985e-05
5.754156144781163481e-06
5.643696897359005185e-05
7.120768229166664408e-05
1.248446377840909846e-05
-4.698371245002104420e-05
-1.579824120107322055e-05
-7.475265348800491353e-06
4.248827796191079615e-05
-1.014683784459171397e-05
6.172873757102271988e-05
5.967368180502945647e-05
7.495815906460437980e-05
7.881138862584176818e-05
1.004408505629208976e-04
1.696705416798189941e-04
1.012628728693181867e-04
1.296740188341750834e-04
1.642503320970118178e-04
1.705182521832912404e-04
1.171381786616161705e-04
1.878064088147096483e-04
3.544971196338384304e-04
5.475182324547559496e-04
6.261498037010733561e-04
6.850014631997053405e-04
8.220736827914562833e-04
8.845730662747263101e-04
8.308333579940025033e-04
6.969207866424662967e-04
6.089387116608794811e-04
4.906702523279670228e-04
2.766361942997685205e-04
1.484520908959387870e-04
5.145345874105663320e-05
1.099454834806428555e-05
-4.366993502730754919e-07
6.627554845328904876e-06
5.908285327230691780e-05
2.340194753524861909e-05
5.255805121527797052e-05
1.351199166140567426e-05
-3.408823751841361799e-05
-2.332488294402394397e-05
-7.200401640098958583e-05
-4.901308001893991961e-05
-5.623146339699125473e-05
1.479640151515151556e-05
5.677091553556382476e-06
1.605512317182237594e-05
5.998194016992844157e-05
6.085533887047560444e-05
-1.279272214330808695e-05
-3.046620173085019061e-05
-6.242231889204573792e-06
-5.137639414983202583e-06
8.348664049347617801e-06
-2.026798749210864353e-05
4.469746291035347081e-05
3.115978305187285289e-05
4.937271477798816185e-05
2.085881602483161926e-05
-4.189744942918770861e-05
-9.607385706018493421e-06
-2.016523470380889599e-05
9.607385706018556102e-06
5.767000243318609392e-05
1.721622967960859541e-04
2.872967960858586198e-04
3.022730149805345377e-04
3.209483342539983311e-04
3.424236670086279206e-04
3.089262580229376544e-04
2.212010650121000856e-04
1.688998957675715517e-04
1.535383539167718312e-04
9.484082360058916996e-05
6.011038115530329032e-06
-4.677820687342167111e-05
-7.233796296296295895e-05
-9.440412425031569695e-05
-8.893253827335857915e-05
-3.485888343066075550e-05
2.332488294402351028e-05
6.437462186973900307e-05
2.666434856376255402e-05
7.169575803608997731e-05
7.354530822548392861e-05
2.864233973853102033e-05
2.383864688552184138e-05
-1.150831228956232696e-05
3.344603259154041273e-05
5.381677287194861067e-05
1.610906838567970816e-04
1.694393479061447451e-04
1.493511777935605683e-04
1.694907243002945782e-04
1.210170964199284212e-04
7.452145971433077126e-05
-5.078556561710859948e-05
-9.353072554976852053e-05
-1.010316790956439242e-04
-1.318061391913930762e-04
-9.579128689236110961e-05
-7.775817254577020298e-05
-6.506820319076179072e-05
-2.455791640361953881e-05
-4.315617108585886375e-06
-1.592668218644784737e-05
-3.115978305187291388e-05
1.772485598169190797e-05
1.228923348063973027e-04
2.531571821732954398e-04
4.467948117240109021e-04
5.274043741450967207e-04
6.413829045664982227e-04
6.894968976878156292e-04
6.394306015888045645e-04
5.352906506470957778e-04
3.369777692287456109e-04
2.949005024200335406e-04
2.606581357191708570e-04
2.189405036695075100e-04
1.604741671269991656e-04
1.378685537010733290e-04
1.543860644202442944e-04
1.393841573284934599e-04
9.756377249053047387e-05
1.507897168297580096e-05
5.651403356481497770e-05
3.498732441603548057e-05
2.234873145517682350e-05
-2.293955998789983311e-05
-2.216891407565233646e-05
-2.751205906723483421e-05
-2.029367568918349909e-05
-1.908633042666249555e-05
-2.463498099484426137e-05
-1.913770682081228122e-05
-5.980212279040405279e-05
-8.733987005471389843e-06
-6.452875105218858372e-05
-7.773248434869528642e-05
-9.296558521412036987e-05
-1.038573807738846639e-04
-1.066317060579755841e-04
-1.225070118502735001e-04
-1.448300551083753901e-04
-1.336043129866371808e-04
-9.900231152672558411e-05
-6.678931239478123887e-06
4.834518689499156741e-05
6.082965067340064723e-05
1.397694802846169914e-04
1.716999092487374019e-04
1.856486002604167118e-04
8.209947785143103301e-05
4.086992154619115483e-05
3.064601911037464376e-05
1.191932344276101048e-05
-1.954871797401091561e-05
-2.512305673926765558e-05
-4.803692853009250946e-06
-2.507168034511785297e-05
-7.940221715856487605e-05
-1.269510699442340641e-04
-1.377144245186237483e-04
-1.397694802846170456e-04
-1.199381921427819937e-04
-9.355641374684345063e-05
-6.036726312605216957e-05
1.505328348590066756e-05
-1.027527882996662201e-07
-1.677439268992003948e-05
-2.820564038825758120e-05
8.400040443497496651e-06
-4.762591737689388354e-05
-6.162598478272301300e-05
-3.167354699337117044e-05
-8.939492582070671461e-06
-1.682576908406983871e-05
-3.835247823284929856e-05
-3.907174775094697565e-05
-2.257992522885103183e-05
3.288089225589156412e-06
1.618356415719689095e-05
-2.609920822811458632e-05
-4.477452750157838310e-05
-2.260561342592598905e-05
-3.426805489793772894e-05
-3.416530210963804239e-05
-1.238941744923190754e-04
-9.748670789930560224e-05
-7.400769577283254858e-05
-6.889574455492434386e-05
-5.656540995896475660e-05
-7.457283610848071279e-05
-3.059464271622478355e-05
-1.055784899779043306e-05
3.010656697180135206e-05
7.893982961121635096e-05
2.296781700468224132e-04
3.400603528777355975e-04
4.587911997579966080e-04
4.921858559553872079e-04
4.048973622948231934e-04
4.425305710095748623e-04
3.146290377735689128e-04
1.982358168271254172e-04
8.335819950810183579e-05
1.220189361058500280e-05
1.795604975536609259e-05
-1.025729709201389175e-04
-7.087373572969275597e-05
-5.933973524305558191e-05
-3.367722636521466173e-05
-4.762591737689399196e-05
-7.706459122474966505e-08
4.040753399884258230e-05
4.045891039299234765e-05
5.163327612058068316e-05
4.536535603430119282e-05
6.506820319076161453e-05
3.575797032828268584e-05
7.508660004997885415e-05
2.093588061605634182e-05
5.040024266098483760e-05
-6.768839929240318446e-05
-2.905335089172982074e-05
-3.763320871475175021e-05
-4.965528494581235237e-05
5.214704006207906848e-05
7.775817254577013522e-05
1.011858082780933422e-04
8.939492582070696872e-05
8.674904152199071263e-05
1.249473905723905457e-04
1.019050777961910871e-04
6.234525430082067654e-05
3.485888343066078260e-05
8.189397227483165992e-05
1.523310086542508073e-04
1.642503320970117636e-04
1.514832981507785610e-04
1.799458205097853450e-04
1.971312243529040054e-04
1.588044343171295895e-04
5.990487557870367158e-05
6.617279566498309416e-05
2.979830860690229919e-05
-4.433782815130478134e-05
-7.043703637941920164e-05
-8.839308613478537215e-05
-5.248098662405307856e-05
-1.155198222458964547e-04
-1.359933153146043662e-04
-1.356850569497054218e-04
-9.597110427188555260e-05
-7.829762468434345063e-05
-9.060227108322807391e-05
-3.812128445917504956e-05
-4.097267433449074651e-05
1.400006740582917859e-05
-7.647376269202437523e-05
-6.851042159880046001e-05
-4.657270129682239288e-05
-6.185717855639731621e-05
-3.681118640835436624e-05
-4.569930259627525711e-05
-3.622035787563134731e-06
-3.015794336595117162e-05
-2.525149772464224175e-05
-1.045252738978324673e-04
-9.291420881997053676e-05
-4.554517341382582554e-05
2.260561342592586368e-05
-4.685527146464649531e-05
-5.738743226536196438e-05
4.700940064709566938e-06
-1.109730113636362651e-05
1.818724352904043306e-05
-2.823132858533246387e-05
6.062414509680144354e-06
4.608462555239899866e-05
5.052868364635946103e-05
1.386905760074705774e-04
1.308042995054714119e-04
2.197882141729798377e-04
2.404672128182870682e-04
1.883458609532828417e-04
1.883715491503577583e-04
1.399236094670664907e-04
1.171381786616161299e-04
4.793417574179288220e-05
1.217620541351006761e-05
-1.428263757365320648e-05
-7.331411445180978804e-05
-9.478944720643941817e-05
-1.122574212173821470e-04
-6.152323199442337389e-05
-5.189015809132995036e-05
-2.368451770307237594e-05
-1.417988478535351316e-05
-5.412503123684760933e-05
-6.491407400831223718e-05
-1.061179421164772124e-04
-1.149803701073232070e-04
-1.058096837515782544e-04
-7.698752663352267922e-05
-6.314158841014304909e-05
-1.857256648516411701e-05
-7.526641742950324463e-06
3.544971196338394384e-06
1.137987130418771708e-05
1.641475793087121448e-05
9.556009311868655229e-06
-6.000762836700341911e-05
